1741593192603 25.316659927368164 0
1741593192958 23.484758377075195 1
1741593193330 21.792236328125 2
1741593193695 20.17851448059082 3
1741593194061 18.656593322753906 4
1741593194424 17.22922134399414 5
1741593194779 15.898717880249023 6
1741593195142 14.658217430114746 7
1741593195499 13.506771087646484 8
1741593195845 12.440887451171875 9
1741593196194 11.470589637756348 10
1741593196556 10.55081844329834 11
1741593196927 9.707300186157227 12
1741593197327 8.927451133728027 13
1741593197679 8.208910942077637 14
1741593198040 7.543654441833496 15
1741593198394 6.92978572845459 16
1741593198766 6.363646030426025 17
1741593199108 5.844133377075195 18
1741593199477 5.367067337036133 19
1741593199846 4.929889678955078 20
1741593200262 4.522345066070557 21
1741593200658 4.14945125579834 22
1741593201027 3.8057053089141846 23
1741593201376 3.4907596111297607 24
1741593201735 3.204552412033081 25
1741593202072 2.9403581619262695 26
1741593202424 2.6969215869903564 27
1741593202773 2.4749741554260254 28
1741593203122 2.2713027000427246 29
1741593203489 2.0850563049316406 30
1741593203844 1.9147136211395264 31
1741593204203 1.7587779760360718 32
1741593204561 1.6175371408462524 33
1741593204910 1.4870887994766235 34
1741593205272 1.3738950490951538 35
1741593205626 1.2627085447311401 36
1741593205994 1.1649314165115356 37
1741593206361 1.0723482370376587 38
1741593206726 0.9896266460418701 39
1741593207079 0.9147071242332458 40
1741593207443 0.8465791344642639 41
1741593207795 0.7837508320808411 42
1741593208162 0.7266687154769897 43
1741593208532 0.6740408539772034 44
1741593208888 0.6300663352012634 45
1741593209239 0.585397481918335 46
1741593209594 0.5450587272644043 47
1741593209939 0.5092853307723999 48
1741593210289 0.47658711671829224 49
1741593210650 0.45068514347076416 50
1741593211014 0.42798498272895813 51
1741593211377 0.3979133665561676 52
1741593211727 0.3755258321762085 53
1741593212074 0.35420241951942444 54
1741593212489 0.3332670331001282 55
1741593212874 0.3150983452796936 56
1741593213245 0.29943031072616577 57
1741593213619 0.28559058904647827 58
1741593213976 0.27202463150024414 59
1741593214334 0.2596859633922577 60
1741593214696 0.24994216859340668 61
1741593215056 0.239299476146698 62
1741593215411 0.2294144183397293 63
1741593215771 0.22304114699363708 64
1741593216130 0.21310125291347504 65
1741593216546 0.21052685379981995 66
1741593216928 0.20320376753807068 67
1741593217334 0.20156604051589966 68
1741593217706 0.18967466056346893 69
1741593218085 0.18421541154384613 70
1741593218476 0.17992529273033142 71
1741593218831 0.17378924787044525 72
1741593219194 0.170133575797081 73
1741593219543 0.16588175296783447 74
1741593219928 0.16182105243206024 75
1741593220288 0.15804263949394226 76
1741593220643 0.15524406731128693 77
1741593221004 0.15286850929260254 78
1741593221360 0.14970652759075165 79
1741593221713 0.1478225588798523 80
1741593222077 0.14497776329517365 81
1741593222483 0.1435232311487198 82
1741593222825 0.14201371371746063 83
1741593223187 0.14444096386432648 84
1741593223560 0.1550380140542984 85
1741593223996 0.1484929621219635 86
1741593224384 0.14628002047538757 87
1741593224769 0.1386023908853531 88
1741593225180 0.1347084492444992 89
1741593225606 0.1312670260667801 90
1741593225980 0.12962067127227783 91
1741593226344 0.12797348201274872 92
1741593226728 0.12853635847568512 93
1741593227127 0.12851020693778992 94
1741593227529 0.1253872513771057 95
1741593227926 0.1237591803073883 96
1741593228310 0.12224343419075012 97
1741593228677 0.12196022272109985 98
1741593229075 0.1208244189620018 99
