1741593192603 0.39326390624046326 0
1741593192958 0.24599550664424896 1
1741593193330 0.20581915974617004 2
1741593193695 0.18929550051689148 3
1741593194061 0.18751350045204163 4
1741593194424 0.18391506373882294 5
1741593194779 0.18886929750442505 6
1741593195142 0.1856500208377838 7
1741593195499 0.1859089732170105 8
1741593195845 0.18994274735450745 9
1741593196194 0.20904216170310974 10
1741593196556 0.19875304400920868 11
1741593196927 0.19245915114879608 12
1741593197327 0.188335120677948 13
1741593197679 0.19061169028282166 14
1741593198040 0.18922483921051025 15
1741593198394 0.1863631308078766 16
1741593198766 0.1834077388048172 17
1741593199108 0.18441757559776306 18
1741593199477 0.1921805888414383 19
1741593199846 0.20054621994495392 20
1741593200262 0.20147961378097534 21
1741593200658 0.2011462301015854 22
1741593201027 0.1895994395017624 23
1741593201376 0.18689250946044922 24
1741593201735 0.18930360674858093 25
1741593202072 0.18629537522792816 26
1741593202424 0.1842934936285019 27
1741593202773 0.18350334465503693 28
1741593203122 0.18353772163391113 29
1741593203489 0.18036551773548126 30
1741593203844 0.17951734364032745 31
1741593204203 0.17880190908908844 32
1741593204561 0.17975863814353943 33
1741593204910 0.17791549861431122 34
1741593205272 0.18792584538459778 35
1741593205626 0.1853892207145691 36
1741593205994 0.18505926430225372 37
1741593206361 0.17564983665943146 38
1741593206726 0.17569206655025482 39
1741593207079 0.17601469159126282 40
1741593207443 0.17451922595500946 41
1741593207795 0.17168796062469482 42
1741593208162 0.17114195227622986 43
1741593208532 0.16927571594715118 44
1741593208888 0.17311392724514008 45
1741593209239 0.1710207760334015 46
1741593209594 0.16875611245632172 47
1741593209939 0.16760025918483734 48
1741593210289 0.16982828080654144 49
1741593210650 0.1710038185119629 50
1741593211014 0.1850806325674057 51
1741593211377 0.17524389922618866 52
1741593211727 0.16957704722881317 53
1741593212074 0.17030753195285797 54
1741593212489 0.16696611046791077 55
1741593212874 0.16003969311714172 56
1741593213245 0.16077783703804016 57
1741593213619 0.15984994173049927 58
1741593213976 0.15946552157402039 59
1741593214334 0.16284315288066864 60
1741593214696 0.16283640265464783 61
1741593215056 0.15979750454425812 62
1741593215411 0.15957674384117126 63
1741593215771 0.1625860333442688 64
1741593216130 0.15795853734016418 65
1741593216546 0.16509614884853363 66
1741593216928 0.16814900934696198 67
1741593217334 0.18016314506530762 68
1741593217706 0.16265401244163513 69
1741593218085 0.16158615052700043 70
1741593218476 0.16074368357658386 71
1741593218831 0.1560521274805069 72
1741593219194 0.1582256406545639 73
1741593219543 0.1565953642129898 74
1741593219928 0.1531943380832672 75
1741593220288 0.15088947117328644 76
1741593220643 0.15084217488765717 77
1741593221004 0.1515783965587616 78
1741593221360 0.15079328417778015 79
1741593221713 0.15276159346103668 80
1741593222077 0.1502646952867508 81
1741593222483 0.15268206596374512 82
1741593222825 0.1529078334569931 83
1741593223187 0.15903756022453308 84
1741593223560 0.1835133582353592 85
1741593223996 0.17461171746253967 86
1741593224384 0.16770662367343903 87
1741593224769 0.1550208479166031 88
1741593225180 0.15190911293029785 89
1741593225606 0.1478719413280487 90
1741593225980 0.14719446003437042 91
1741593226344 0.1466081142425537 92
1741593226728 0.14876708388328552 93
1741593227127 0.15413346886634827 94
1741593227529 0.14790958166122437 95
1741593227926 0.14660590887069702 96
1741593228310 0.14372046291828156 97
1741593228677 0.14833463728427887 98
1741593229075 0.14734815061092377 99
