1741593192603 137.64752197265625 0
1741593192958 100.4840087890625 1
1741593193330 76.0611801147461 2
1741593193695 70.87600708007812 3
1741593194061 68.43028259277344 4
1741593194424 67.96257019042969 5
1741593194779 76.19397735595703 6
1741593195142 66.96251678466797 7
1741593195499 64.54895782470703 8
1741593195845 72.85679626464844 9
1741593196194 69.96554565429688 10
1741593196556 69.55522918701172 11
1741593196927 72.1551513671875 12
1741593197327 63.61351776123047 13
1741593197679 74.49693298339844 14
1741593198040 70.08146667480469 15
1741593198394 66.0005111694336 16
1741593198766 67.29109191894531 17
1741593199108 66.59487915039062 18
1741593199477 68.30634307861328 19
1741593199846 70.34111022949219 20
1741593200262 78.20410919189453 21
1741593200658 71.71454620361328 22
1741593201027 72.05655670166016 23
1741593201376 69.94905853271484 24
1741593201735 67.7179183959961 25
1741593202072 69.36798858642578 26
1741593202424 66.42108917236328 27
1741593202773 64.9512710571289 28
1741593203122 69.8851547241211 29
1741593203489 63.44076919555664 30
1741593203844 64.96875762939453 31
1741593204203 67.92687225341797 32
1741593204561 68.76199340820312 33
1741593204910 68.19544219970703 34
1741593205272 69.6149673461914 35
1741593205626 69.33999633789062 36
1741593205994 70.11609649658203 37
1741593206361 64.7978515625 38
1741593206726 67.56011199951172 39
1741593207079 67.02583312988281 40
1741593207443 68.32202911376953 41
1741593207795 66.68543243408203 42
1741593208162 66.93878173828125 43
1741593208532 67.69429779052734 44
1741593208888 67.03021240234375 45
1741593209239 66.88240051269531 46
1741593209594 64.2723159790039 47
1741593209939 66.42024993896484 48
1741593210289 66.74298095703125 49
1741593210650 66.11031341552734 50
1741593211014 69.87471008300781 51
1741593211377 66.70681762695312 52
1741593211727 68.96501922607422 53
1741593212074 66.87255859375 54
1741593212489 66.76834869384766 55
1741593212874 66.72953796386719 56
1741593213245 65.9358901977539 57
1741593213619 67.56857299804688 58
1741593213976 66.25946044921875 59
1741593214334 66.70169067382812 60
1741593214696 66.340576171875 61
1741593215056 63.660499572753906 62
1741593215411 66.59733581542969 63
1741593215771 67.85643768310547 64
1741593216130 67.96993255615234 65
1741593216546 66.86406707763672 66
1741593216928 68.90731811523438 67
1741593217334 69.20132446289062 68
1741593217706 67.64376068115234 69
1741593218085 66.6831283569336 70
1741593218476 67.92203521728516 71
1741593218831 68.51287078857422 72
1741593219194 68.5096435546875 73
1741593219543 68.57366943359375 74
1741593219928 67.26768493652344 75
1741593220288 66.65946960449219 76
1741593220643 65.71949768066406 77
1741593221004 65.9151840209961 78
1741593221360 66.62569427490234 79
1741593221713 67.71770477294922 80
1741593222077 64.67488861083984 81
1741593222483 66.2861328125 82
1741593222825 67.18843078613281 83
1741593223187 68.57994842529297 84
1741593223560 70.25006866455078 85
1741593223996 71.23490905761719 86
1741593224384 70.3023910522461 87
1741593224769 66.46685791015625 88
1741593225180 66.31438446044922 89
1741593225606 65.156982421875 90
1741593225980 64.76771545410156 91
1741593226344 65.7699203491211 92
1741593226728 65.17546081542969 93
1741593227127 69.74593353271484 94
1741593227529 64.31298828125 95
1741593227926 65.78038787841797 96
1741593228310 63.784427642822266 97
1741593228677 64.068115234375 98
1741593229075 64.43449401855469 99
