1741592507837 0.7126200795173645 0
1741592508468 0.5413458347320557 1
1741592509086 0.4451329708099365 2
1741592509686 0.37226390838623047 3
1741592510285 0.3406731188297272 4
1741592510895 0.2909929156303406 5
1741592511519 0.2553810477256775 6
1741592512138 0.2377462387084961 7
1741592512763 0.20869523286819458 8
1741592513362 0.20321907103061676 9
1741592513972 0.19100333750247955 10
1741592514566 0.18012744188308716 11
1741592515194 0.1728614866733551 12
1741592515822 0.16004307568073273 13
1741592516445 0.15527892112731934 14
1741592517068 0.1465182900428772 15
1741592517693 0.14097337424755096 16
1741592518309 0.13444267213344574 17
1741592518930 0.1300664097070694 18
1741592519584 0.12705497443675995 19
1741592520212 0.15744510293006897 20
1741592520844 0.12879283726215363 21
1741592521468 0.12417830526828766 22
1741592522088 0.11615215986967087 23
1741592522704 0.11141037940979004 24
1741592523384 0.10823574662208557 25
1741592524021 0.1050989031791687 26
1741592524643 0.10394565761089325 27
1741592525258 0.10082577913999557 28
1741592525880 0.09803325682878494 29
1741592526506 0.09661152958869934 30
1741592527131 0.09375881403684616 31
1741592527760 0.09216584265232086 32
1741592528388 0.09086712449789047 33
1741592529026 0.086794413626194 34
1741592529655 0.08553660660982132 35
1741592530267 0.09704510867595673 36
1741592530896 0.09360393136739731 37
1741592531517 0.10015758872032166 38
1741592532157 0.08471538126468658 39
1741592532797 0.08070980757474899 40
1741592533424 0.0772741362452507 41
1741592534051 0.0772424042224884 42
1741592534667 0.0752229243516922 43
1741592535291 0.07450111210346222 44
1741592535933 0.0728965774178505 45
1741592536572 0.07016067206859589 46
1741592537203 0.07703389972448349 47
1741592537835 0.07266061753034592 48
1741592538454 0.07176186144351959 49
1741592539077 0.06867994368076324 50
1741592539698 0.0685247853398323 51
1741592540333 0.06771853566169739 52
1741592540994 0.06385964155197144 53
1741592541650 0.05765810236334801 54
1741592542278 0.05333816632628441 55
1741592542917 0.05140569433569908 56
1741592543539 0.049303147941827774 57
1741592544184 0.07345346361398697 58
1741592544803 0.06081100553274155 59
1741592545433 0.05500711128115654 60
1741592546052 0.05107207968831062 61
1741592546664 0.05152054876089096 62
1741592547280 0.04725225269794464 63
1741592547902 0.04426751285791397 64
1741592548523 0.043034475296735764 65
1741592549136 0.04200853779911995 66
1741592549739 0.04198940470814705 67
1741592550351 0.04092555120587349 68
1741592550960 0.04055756330490112 69
1741592551594 0.04003378003835678 70
1741592552235 0.04066329076886177 71
1741592552844 0.044254597276449203 72
1741592553461 0.04246474429965019 73
1741592554094 0.040016066282987595 74
1741592554720 0.044752150774002075 75
1741592555355 0.042583659291267395 76
1741592555973 0.047752052545547485 77
1741592556600 0.041191864758729935 78
1741592557215 0.038229648023843765 79
1741592557854 0.037366241216659546 80
1741592558482 0.035058170557022095 81
1741592559101 0.033098336309194565 82
1741592559744 0.032538048923015594 83
1741592560359 0.03175923228263855 84
1741592560962 0.03136306628584862 85
1741592561576 0.03219344839453697 86
1741592562210 0.030940337106585503 87
1741592562811 0.03040776401758194 88
1741592563430 0.0303135197609663 89
1741592564050 0.030948825180530548 90
1741592564670 0.03231177106499672 91
1741592565284 0.03297653794288635 92
1741592565898 0.02996169403195381 93
1741592566522 0.028767114505171776 94
1741592567123 0.028600867837667465 95
1741592567751 0.029016049578785896 96
1741592568374 0.028392918407917023 97
1741592568992 0.02868340164422989 98
1741592569608 0.02883598953485489 99
