1741592507837 0.6535678505897522 0
1741592508468 0.5543723702430725 1
1741592509086 0.5154198408126831 2
1741592509686 0.4376237690448761 3
1741592510285 0.4116261601448059 4
1741592510895 0.3830345571041107 5
1741592511519 0.3440471589565277 6
1741592512138 0.3290109634399414 7
1741592512763 0.29774588346481323 8
1741592513362 0.2902730703353882 9
1741592513972 0.28582626581192017 10
1741592514566 0.27067482471466064 11
1741592515194 0.26409703493118286 12
1741592515822 0.24961957335472107 13
1741592516445 0.24306365847587585 14
1741592517068 0.23426534235477448 15
1741592517693 0.22726093232631683 16
1741592518309 0.2180606871843338 17
1741592518930 0.2134193629026413 18
1741592519584 0.2106780856847763 19
1741592520212 0.24056972563266754 20
1741592520844 0.21477988362312317 21
1741592521468 0.20616686344146729 22
1741592522088 0.19519633054733276 23
1741592522704 0.1941169649362564 24
1741592523384 0.18786755204200745 25
1741592524021 0.1828300803899765 26
1741592524643 0.18390654027462006 27
1741592525258 0.17907734215259552 28
1741592525880 0.1763363778591156 29
1741592526506 0.1760513335466385 30
1741592527131 0.17202258110046387 31
1741592527760 0.1689978539943695 32
1741592528388 0.16638703644275665 33
1741592529026 0.16506460309028625 34
1741592529655 0.16196054220199585 35
1741592530267 0.17607316374778748 36
1741592530896 0.18395529687404633 37
1741592531517 0.1771286576986313 38
1741592532157 0.16840976476669312 39
1741592532797 0.16508552432060242 40
1741592533424 0.15370285511016846 41
1741592534051 0.15578141808509827 42
1741592534667 0.152982696890831 43
1741592535291 0.1508869081735611 44
1741592535933 0.15237939357757568 45
1741592536572 0.1454472839832306 46
1741592537203 0.15649184584617615 47
1741592537835 0.14724935591220856 48
1741592538454 0.14761412143707275 49
1741592539077 0.14396516978740692 50
1741592539698 0.1412837952375412 51
1741592540333 0.1420217752456665 52
1741592540994 0.14077022671699524 53
1741592541650 0.12993742525577545 54
1741592542278 0.12621565163135529 55
1741592542917 0.12376631796360016 56
1741592543539 0.12055665254592896 57
1741592544184 0.15351010859012604 58
1741592544803 0.1501004695892334 59
1741592545433 0.13551823794841766 60
1741592546052 0.12929460406303406 61
1741592546664 0.1275426745414734 62
1741592547280 0.12619072198867798 63
1741592547902 0.11749331653118134 64
1741592548523 0.11348091810941696 65
1741592549136 0.11255473643541336 66
1741592549739 0.11320146918296814 67
1741592550351 0.11199197918176651 68
1741592550960 0.11138956993818283 69
1741592551594 0.11159925907850266 70
1741592552235 0.11071856319904327 71
1741592552844 0.11546478420495987 72
1741592553461 0.11841665208339691 73
1741592554094 0.11331456899642944 74
1741592554720 0.11616382747888565 75
1741592555355 0.1167774572968483 76
1741592555973 0.12237843126058578 77
1741592556600 0.11740363389253616 78
1741592557215 0.1120574101805687 79
1741592557854 0.11126617342233658 80
1741592558482 0.10715386271476746 81
1741592559101 0.10399258881807327 82
1741592559744 0.10281296074390411 83
1741592560359 0.10184620320796967 84
1741592560962 0.10103030502796173 85
1741592561576 0.1045423150062561 86
1741592562210 0.09932350367307663 87
1741592562811 0.0994100347161293 88
1741592563430 0.0995716005563736 89
1741592564050 0.10108017176389694 90
1741592564670 0.1039777472615242 91
1741592565284 0.1075352355837822 92
1741592565898 0.10085967928171158 93
1741592566522 0.0988711416721344 94
1741592567123 0.09814505279064178 95
1741592567751 0.09836425632238388 96
1741592568374 0.09671983867883682 97
1741592568992 0.09847593307495117 98
1741592569608 0.09699652343988419 99
