1741592507837 102.41143035888672 0
1741592508468 127.03398895263672 1
1741592509086 165.15121459960938 2
1741592509686 137.40115356445312 3
1741592510285 139.22866821289062 4
1741592510895 116.96967315673828 5
1741592511519 119.51719665527344 6
1741592512138 108.59986877441406 7
1741592512763 100.40119171142578 8
1741592513362 96.60474395751953 9
1741592513972 97.96346282958984 10
1741592514566 100.31480407714844 11
1741592515194 91.8782958984375 12
1741592515822 87.04987335205078 13
1741592516445 84.96127319335938 14
1741592517068 86.74441528320312 15
1741592517693 89.42658233642578 16
1741592518309 87.94390869140625 17
1741592518930 88.865478515625 18
1741592519584 89.88948059082031 19
1741592520212 89.28729248046875 20
1741592520844 86.513427734375 21
1741592521468 84.7393569946289 22
1741592522088 81.95026397705078 23
1741592522704 78.63744354248047 24
1741592523384 77.56742095947266 25
1741592524021 78.19932556152344 26
1741592524643 80.8427734375 27
1741592525258 79.41844940185547 28
1741592525880 76.0766830444336 29
1741592526506 76.13550567626953 30
1741592527131 73.43087768554688 31
1741592527760 73.7618179321289 32
1741592528388 72.6419448852539 33
1741592529026 72.88054656982422 34
1741592529655 72.55049896240234 35
1741592530267 72.16549682617188 36
1741592530896 81.00446319580078 37
1741592531517 81.3639907836914 38
1741592532157 68.50032806396484 39
1741592532797 76.31523895263672 40
1741592533424 68.27922058105469 41
1741592534051 68.22103881835938 42
1741592534667 67.99097442626953 43
1741592535291 74.92928314208984 44
1741592535933 71.52833557128906 45
1741592536572 67.9122314453125 46
1741592537203 69.80583953857422 47
1741592537835 64.6697006225586 48
1741592538454 68.39422607421875 49
1741592539077 73.13553619384766 50
1741592539698 62.95260238647461 51
1741592540333 70.04589080810547 52
1741592540994 66.85203552246094 53
1741592541650 66.48726654052734 54
1741592542278 67.54129791259766 55
1741592542917 63.61381912231445 56
1741592543539 64.50962829589844 57
1741592544184 74.50578308105469 58
1741592544803 74.44896697998047 59
1741592545433 72.34490966796875 60
1741592546052 71.07177734375 61
1741592546664 65.02422332763672 62
1741592547280 64.95783233642578 63
1741592547902 63.20143127441406 64
1741592548523 63.521575927734375 65
1741592549136 63.52508544921875 66
1741592549739 60.77090835571289 67
1741592550351 62.80709457397461 68
1741592550960 64.84671783447266 69
1741592551594 64.36840057373047 70
1741592552235 64.72257232666016 71
1741592552844 63.117977142333984 72
1741592553461 63.41278076171875 73
1741592554094 69.45074462890625 74
1741592554720 65.37645721435547 75
1741592555355 64.56375885009766 76
1741592555973 65.57180786132812 77
1741592556600 68.24156951904297 78
1741592557215 63.86491394042969 79
1741592557854 66.05826568603516 80
1741592558482 60.65247344970703 81
1741592559101 59.88653564453125 82
1741592559744 62.07542419433594 83
1741592560359 63.26681137084961 84
1741592560962 61.77326965332031 85
1741592561576 62.802207946777344 86
1741592562210 60.26136016845703 87
1741592562811 61.488372802734375 88
1741592563430 60.984474182128906 89
1741592564050 61.95757293701172 90
1741592564670 61.68160629272461 91
1741592565284 64.8125 92
1741592565898 62.824832916259766 93
1741592566522 61.98529815673828 94
1741592567123 61.08002471923828 95
1741592567751 62.77287673950195 96
1741592568374 60.63044738769531 97
1741592568992 62.517967224121094 98
1741592569608 60.6928825378418 99
