1741577192592 0.8501715660095215 0
1741577192787 0.6944423913955688 1
1741577192983 0.6524865031242371 2
1741577193166 0.6292803883552551 3
1741577193376 0.6201444268226624 4
1741577193572 0.6060826182365417 5
1741577193776 0.5958259701728821 6
1741577193975 0.589705228805542 7
1741577194185 0.5815861225128174 8
1741577194401 0.5773995518684387 9
1741577194597 0.5747241973876953 10
1741577194785 0.5624641180038452 11
1741577194974 0.5570078492164612 12
1741577195162 0.5511994957923889 13
1741577195337 0.546997606754303 14
1741577195525 0.5422733426094055 15
1741577195721 0.534619152545929 16
1741577195916 0.5284488797187805 17
1741577196104 0.5200518369674683 18
1741577196286 0.507888674736023 19
1741577196479 0.5014238357543945 20
1741577196670 0.4930587112903595 21
1741577196852 0.48684632778167725 22
1741577197058 0.4797184467315674 23
1741577197247 0.46927663683891296 24
1741577197434 0.46145084500312805 25
1741577197624 0.4632749557495117 26
1741577197824 0.45912039279937744 27
1741577198012 0.44618064165115356 28
1741577198186 0.44307902455329895 29
1741577198387 0.4388183057308197 30
1741577198576 0.42961323261260986 31
1741577198765 0.4210963249206543 32
1741577198968 0.41448691487312317 33
1741577199141 0.40618112683296204 34
1741577199337 0.4021293818950653 35
1741577199531 0.3951753079891205 36
1741577199721 0.387238085269928 37
1741577199899 0.3801417052745819 38
1741577200098 0.3755340576171875 39
1741577200287 0.36545294523239136 40
1741577200486 0.36111071705818176 41
1741577200678 0.3581383228302002 42
1741577200869 0.3541426658630371 43
1741577201052 0.34489285945892334 44
1741577201241 0.3374326825141907 45
1741577201441 0.33503463864326477 46
1741577201617 0.3346857726573944 47
1741577201807 0.3304823338985443 48
1741577202005 0.31878378987312317 49
