1741577192592 0.7691680192947388 0
1741577192787 0.639926552772522 1
1741577192983 0.6073507070541382 2
1741577193166 0.586516797542572 3
1741577193376 0.5715945959091187 4
1741577193572 0.5597829222679138 5
1741577193776 0.5532729625701904 6
1741577193975 0.5479839444160461 7
1741577194185 0.5414829254150391 8
1741577194401 0.5396880507469177 9
1741577194597 0.5368595719337463 10
1741577194785 0.5293764472007751 11
1741577194974 0.5248452425003052 12
1741577195162 0.5222477912902832 13
1741577195337 0.5195255875587463 14
1741577195525 0.5148556232452393 15
1741577195721 0.5117679834365845 16
1741577195916 0.5078390836715698 17
1741577196104 0.5037964582443237 18
1741577196286 0.49478408694267273 19
1741577196479 0.4917033910751343 20
1741577196670 0.4854106307029724 21
1741577196852 0.48188894987106323 22
1741577197058 0.4782896637916565 23
1741577197247 0.47264736890792847 24
1741577197434 0.4679543972015381 25
1741577197624 0.4693160653114319 26
1741577197824 0.46657827496528625 27
1741577198012 0.46057289838790894 28
1741577198186 0.45648691058158875 29
1741577198387 0.45459726452827454 30
1741577198576 0.448556512594223 31
1741577198765 0.4454878568649292 32
1741577198968 0.4402712285518646 33
1741577199141 0.4353475272655487 34
1741577199337 0.4330011010169983 35
1741577199531 0.42846718430519104 36
1741577199721 0.4220438003540039 37
1741577199899 0.41725119948387146 38
1741577200098 0.4151991009712219 39
1741577200287 0.4071444571018219 40
1741577200486 0.4048587381839752 41
1741577200678 0.4020385146141052 42
1741577200869 0.39946210384368896 43
1741577201052 0.39435598254203796 44
1741577201241 0.3877544105052948 45
1741577201441 0.38547345995903015 46
1741577201617 0.3855259418487549 47
1741577201807 0.3836651146411896 48
1741577202005 0.3758471608161926 49
