1741577192592 171.04429626464844 0
1741577192787 382.0815734863281 1
1741577192983 321.6366882324219 2
1741577193166 281.7973937988281 3
1741577193376 250.31649780273438 4
1741577193572 206.62716674804688 5
1741577193776 166.34930419921875 6
1741577193975 140.18385314941406 7
1741577194185 150.22488403320312 8
1741577194401 176.01026916503906 9
1741577194597 209.60211181640625 10
1741577194785 258.7945251464844 11
1741577194974 277.2705383300781 12
1741577195162 310.28594970703125 13
1741577195337 354.8567810058594 14
1741577195525 347.5662841796875 15
1741577195721 395.2206726074219 16
1741577195916 406.7348937988281 17
1741577196104 421.2159118652344 18
1741577196286 426.6695556640625 19
1741577196479 443.6516418457031 20
1741577196670 423.88861083984375 21
1741577196852 462.9511413574219 22
1741577197058 409.9692687988281 23
1741577197247 443.265869140625 24
1741577197434 423.33746337890625 25
1741577197624 422.4326477050781 26
1741577197824 412.9085693359375 27
1741577198012 416.16534423828125 28
1741577198186 391.4522705078125 29
1741577198387 390.5168762207031 30
1741577198576 375.9742431640625 31
1741577198765 354.1339416503906 32
1741577198968 334.87445068359375 33
1741577199141 291.0226135253906 34
1741577199337 300.5684509277344 35
1741577199531 267.7580871582031 36
1741577199721 247.11749267578125 37
1741577199899 268.2689208984375 38
1741577200098 223.71884155273438 39
1741577200287 248.621826171875 40
1741577200486 204.37144470214844 41
1741577200678 214.61874389648438 42
1741577200869 215.68699645996094 43
1741577201052 208.2639617919922 44
1741577201241 180.63482666015625 45
1741577201441 196.17347717285156 46
1741577201617 176.1752471923828 47
1741577201807 195.6124725341797 48
1741577202005 180.8246612548828 49
