1741593009713 20.735042572021484 0
1741593010113 19.536100387573242 1
1741593010525 18.437786102294922 2
1741593010935 17.384611129760742 3
1741593011352 16.383636474609375 4
1741593011755 15.429032325744629 5
1741593012168 14.523235321044922 6
1741593012562 13.67110538482666 7
1741593012954 12.860696792602539 8
1741593013351 12.092862129211426 9
1741593013737 11.370566368103027 10
1741593014149 10.688321113586426 11
1741593014568 10.040764808654785 12
1741593014985 9.431735038757324 13
1741593015399 8.860392570495605 14
1741593015790 8.320704460144043 15
1741593016185 7.80399751663208 16
1741593016577 7.3216471672058105 17
1741593016974 6.866147994995117 18
1741593017370 6.437229633331299 19
1741593017770 6.032293796539307 20
1741593018174 5.651698112487793 21
1741593018580 5.294285297393799 22
1741593018975 4.958217144012451 23
1741593019377 4.641787528991699 24
1741593019778 4.3442535400390625 25
1741593020184 4.077981948852539 26
1741593020583 3.828227996826172 27
1741593020988 3.5830142498016357 28
1741593021392 3.3507754802703857 29
1741593021790 3.137665033340454 30
1741593022184 2.9356353282928467 31
1741593022579 2.744940757751465 32
1741593022979 2.570545196533203 33
1741593023392 2.406156301498413 34
1741593023794 2.252607583999634 35
1741593024201 2.108842611312866 36
1741593024603 1.974691390991211 37
1741593025003 1.848889946937561 38
1741593025399 1.738196849822998 39
1741593025803 1.6322749853134155 40
1741593026206 1.5299619436264038 41
1741593026606 1.4542573690414429 42
1741593027026 1.3602479696273804 43
1741593027441 1.2697116136550903 44
1741593027837 1.1883060932159424 45
1741593028263 1.1159051656723022 46
1741593028669 1.049103856086731 47
1741593029053 0.9872583746910095 48
1741593029458 0.9496746063232422 49
1741593029856 0.8900346755981445 50
1741593030263 0.8361503481864929 51
1741593030661 0.7875263094902039 52
1741593031053 0.7416089177131653 53
1741593031461 0.7032075524330139 54
1741593031905 0.6744639277458191 55
1741593032308 0.6361086368560791 56
1741593032706 0.6067546010017395 57
1741593033120 0.573138415813446 58
1741593033520 0.5434800982475281 59
1741593033926 0.5179100632667542 60
1741593034324 0.4942478537559509 61
1741593034750 0.48034268617630005 62
1741593035167 0.45993372797966003 63
1741593035592 0.43653830885887146 64
1741593036001 0.4174830913543701 65
1741593036412 0.4024716019630432 66
1741593036815 0.3895033895969391 67
1741593037213 0.37581169605255127 68
1741593037607 0.3670608103275299 69
1741593038010 0.35315582156181335 70
1741593038427 0.3424680531024933 71
1741593038844 0.33847078680992126 72
1741593039270 0.3232329487800598 73
1741593039687 0.3112635016441345 74
1741593040089 0.30722394585609436 75
1741593040485 0.30894532799720764 76
1741593040884 0.2990341782569885 77
1741593041286 0.29144975543022156 78
1741593041700 0.27683722972869873 79
1741593042096 0.2798222005367279 80
1741593042498 0.2978763282299042 81
1741593042912 0.28355252742767334 82
1741593043330 0.2703496515750885 83
1741593043754 0.25921541452407837 84
1741593044178 0.25182774662971497 85
1741593044602 0.24700632691383362 86
1741593045015 0.24083949625492096 87
1741593045434 0.23706138134002686 88
1741593045847 0.23525162041187286 89
1741593046274 0.23137199878692627 90
1741593046691 0.22955234348773956 91
1741593047107 0.23534463346004486 92
1741593047587 0.22675390541553497 93
1741593048047 0.2215341180562973 94
1741593048475 0.22451922297477722 95
1741593048894 0.21797393262386322 96
1741593049311 0.21564052999019623 97
1741593049745 0.22129027545452118 98
1741593050161 0.21823880076408386 99
