1741593009713 0.4072593152523041 0
1741593010113 0.3165977895259857 1
1741593010525 0.29165369272232056 2
1741593010935 0.27447351813316345 3
1741593011352 0.2668830156326294 4
1741593011755 0.26278623938560486 5
1741593012168 0.2559357285499573 6
1741593012562 0.26375386118888855 7
1741593012954 0.2570922374725342 8
1741593013351 0.25351396203041077 9
1741593013737 0.2559325695037842 10
1741593014149 0.2499346286058426 11
1741593014568 0.245853453874588 12
1741593014985 0.2477397471666336 13
1741593015399 0.24942322075366974 14
1741593015790 0.25767332315444946 15
1741593016185 0.24996796250343323 16
1741593016577 0.2431945651769638 17
1741593016974 0.2417334020137787 18
1741593017370 0.23926161229610443 19
1741593017770 0.23853452503681183 20
1741593018174 0.23892579972743988 21
1741593018580 0.242100328207016 22
1741593018975 0.23904502391815186 23
1741593019377 0.2384083867073059 24
1741593019778 0.23804137110710144 25
1741593020184 0.2557885944843292 26
1741593020583 0.26037976145744324 27
1741593020988 0.26882609724998474 28
1741593021392 0.2515220642089844 29
1741593021790 0.25358322262763977 30
1741593022184 0.25033509731292725 31
1741593022579 0.23938973248004913 32
1741593022979 0.23949849605560303 33
1741593023392 0.2410729080438614 34
1741593023794 0.2341507524251938 35
1741593024201 0.23247116804122925 36
1741593024603 0.23138195276260376 37
1741593025003 0.23187367618083954 38
1741593025399 0.24265971779823303 39
1741593025803 0.24135392904281616 40
1741593026206 0.23668332397937775 41
1741593026606 0.27660518884658813 42
1741593027026 0.2671428918838501 43
1741593027441 0.24046918749809265 44
1741593027837 0.23211310803890228 45
1741593028263 0.22253069281578064 46
1741593028669 0.22271595895290375 47
1741593029053 0.21710099279880524 48
1741593029458 0.24090255796909332 49
1741593029856 0.22782430052757263 50
1741593030263 0.22881418466567993 51
1741593030661 0.2203921377658844 52
1741593031053 0.21414795517921448 53
1741593031461 0.22630295157432556 54
1741593031905 0.24241645634174347 55
1741593032308 0.2336745411157608 56
1741593032706 0.23531506955623627 57
1741593033120 0.22405655682086945 58
1741593033520 0.21363858878612518 59
1741593033926 0.2113558053970337 60
1741593034324 0.21559175848960876 61
1741593034750 0.2305188626050949 62
1741593035167 0.22736161947250366 63
1741593035592 0.22062695026397705 64
1741593036001 0.21038022637367249 65
1741593036412 0.21334581077098846 66
1741593036815 0.21402283012866974 67
1741593037213 0.21657776832580566 68
1741593037607 0.22047236561775208 69
1741593038010 0.22550643980503082 70
1741593038427 0.22699368000030518 71
1741593038844 0.2275066375732422 72
1741593039270 0.21389658749103546 73
1741593039687 0.2097109854221344 74
1741593040089 0.21199199557304382 75
1741593040485 0.22729581594467163 76
1741593040884 0.22451236844062805 77
1741593041286 0.2230629324913025 78
1741593041700 0.20576384663581848 79
1741593042096 0.2329142987728119 80
1741593042498 0.23519471287727356 81
1741593042912 0.23249691724777222 82
1741593043330 0.2232048064470291 83
1741593043754 0.2126329094171524 84
1741593044178 0.20260879397392273 85
1741593044602 0.20043610036373138 86
1741593045015 0.19462396204471588 87
1741593045434 0.196005716919899 88
1741593045847 0.1973753273487091 89
1741593046274 0.19796814024448395 90
1741593046691 0.20072107017040253 91
1741593047107 0.20513850450515747 92
1741593047587 0.20489118993282318 93
1741593048047 0.19586342573165894 94
1741593048475 0.20888692140579224 95
1741593048894 0.20087085664272308 96
1741593049311 0.1955941766500473 97
1741593049745 0.225747212767601 98
1741593050161 0.22008058428764343 99
