1741593009713 129.76788330078125 0
1741593010113 102.3858413696289 1
1741593010525 85.25438690185547 2
1741593010935 81.16712188720703 3
1741593011352 71.35980987548828 4
1741593011755 73.96839904785156 5
1741593012168 74.88533020019531 6
1741593012562 81.2868423461914 7
1741593012954 75.9746322631836 8
1741593013351 74.73291778564453 9
1741593013737 82.02312469482422 10
1741593014149 76.28099060058594 11
1741593014568 71.06224822998047 12
1741593014985 74.61386108398438 13
1741593015399 71.52408599853516 14
1741593015790 78.70375061035156 15
1741593016185 75.79751586914062 16
1741593016577 70.62811279296875 17
1741593016974 74.0433578491211 18
1741593017370 74.12113189697266 19
1741593017770 73.77535247802734 20
1741593018174 73.10707092285156 21
1741593018580 75.1744613647461 22
1741593018975 76.29222106933594 23
1741593019377 73.5280990600586 24
1741593019778 73.76414489746094 25
1741593020184 79.74626922607422 26
1741593020583 78.64656066894531 27
1741593020988 87.96370697021484 28
1741593021392 76.12413787841797 29
1741593021790 82.46112060546875 30
1741593022184 82.8415756225586 31
1741593022579 78.32562255859375 32
1741593022979 82.16857147216797 33
1741593023392 78.51139068603516 34
1741593023794 77.27928161621094 35
1741593024201 79.72976684570312 36
1741593024603 76.19334411621094 37
1741593025003 73.25776672363281 38
1741593025399 78.75007629394531 39
1741593025803 76.99962615966797 40
1741593026206 75.01221466064453 41
1741593026606 86.15707397460938 42
1741593027026 87.96369171142578 43
1741593027441 87.4593505859375 44
1741593027837 85.21702575683594 45
1741593028263 80.57579803466797 46
1741593028669 71.07974243164062 47
1741593029053 73.07122802734375 48
1741593029458 77.09660339355469 49
1741593029856 82.40412139892578 50
1741593030263 74.82776641845703 51
1741593030661 76.96698760986328 52
1741593031053 72.60539245605469 53
1741593031461 77.27613830566406 54
1741593031905 84.66146087646484 55
1741593032308 80.15907287597656 56
1741593032706 86.886962890625 57
1741593033120 83.53671264648438 58
1741593033520 78.67070007324219 59
1741593033926 77.59528350830078 60
1741593034324 74.90826416015625 61
1741593034750 82.81785583496094 62
1741593035167 84.2586441040039 63
1741593035592 75.3501205444336 64
1741593036001 72.91895294189453 65
1741593036412 73.52875518798828 66
1741593036815 74.6982192993164 67
1741593037213 75.58063507080078 68
1741593037607 76.87816619873047 69
1741593038010 81.63958740234375 70
1741593038427 83.34078979492188 71
1741593038844 78.52965545654297 72
1741593039270 76.70069885253906 73
1741593039687 73.95940399169922 74
1741593040089 76.63976287841797 75
1741593040485 69.93960571289062 76
1741593040884 80.52985382080078 77
1741593041286 83.57462310791016 78
1741593041700 72.2264404296875 79
1741593042096 83.81019592285156 80
1741593042498 81.71923828125 81
1741593042912 85.80689239501953 82
1741593043330 71.90901947021484 83
1741593043754 70.6527099609375 84
1741593044178 68.42560577392578 85
1741593044602 76.98908233642578 86
1741593045015 72.99065399169922 87
1741593045434 69.40880584716797 88
1741593045847 70.9352035522461 89
1741593046274 73.15886688232422 90
1741593046691 72.54789733886719 91
1741593047107 70.70250701904297 92
1741593047587 71.9786148071289 93
1741593048047 69.76691436767578 94
1741593048475 73.48185729980469 95
1741593048894 73.90155029296875 96
1741593049311 69.95140838623047 97
1741593049745 84.89347076416016 98
1741593050161 84.329833984375 99
