1741578193758 0.8135289549827576 0
1741578193969 0.6834890246391296 1
1741578194174 0.6502262353897095 2
1741578194378 0.6305370926856995 3
1741578194580 0.617561399936676 4
1741578194789 0.6079362034797668 5
1741578195000 0.5984766483306885 6
1741578195203 0.5901680588722229 7
1741578195410 0.5827683806419373 8
1741578195610 0.5757957696914673 9
1741578195822 0.570492148399353 10
1741578196025 0.5634332299232483 11
1741578196224 0.5575815439224243 12
1741578196431 0.5499417185783386 13
1741578196631 0.5431305170059204 14
1741578196831 0.5411948561668396 15
1741578197032 0.5336822867393494 16
1741578197236 0.5275853872299194 17
1741578197435 0.5203139185905457 18
1741578197634 0.5121958255767822 19
1741578197833 0.5029475092887878 20
1741578198025 0.49255648255348206 21
1741578198237 0.48489418625831604 22
1741578198436 0.4755644202232361 23
1741578198635 0.4671688973903656 24
1741578198824 0.4584355354309082 25
1741578199036 0.44645386934280396 26
1741578199225 0.43501994013786316 27
1741578199435 0.4266278147697449 28
1741578199625 0.4146798849105835 29
1741578199833 0.4059254825115204 30
1741578200033 0.3955599367618561 31
1741578200232 0.38894370198249817 32
1741578200432 0.3838716149330139 33
1741578200625 0.3746106028556824 34
1741578200824 0.36795422434806824 35
1741578201034 0.35802680253982544 36
1741578201241 0.350380003452301 37
1741578201448 0.3448147773742676 38
1741578201657 0.337399423122406 39
1741578201858 0.32753798365592957 40
1741578202064 0.3228927254676819 41
1741578202265 0.31506118178367615 42
1741578202463 0.3184770345687866 43
1741578202657 0.3070809841156006 44
1741578202867 0.3022004961967468 45
1741578203065 0.2949996590614319 46
1741578203264 0.2876884639263153 47
1741578203463 0.2813279926776886 48
1741578203657 0.2766083776950836 49
