1741578193758 0.7413379549980164 0
1741578193969 0.6298003196716309 1
1741578194174 0.6045994758605957 2
1741578194378 0.5879756808280945 3
1741578194580 0.5727201700210571 4
1741578194789 0.5666333436965942 5
1741578195000 0.5575288534164429 6
1741578195203 0.5523282289505005 7
1741578195410 0.546253502368927 8
1741578195610 0.5436826348304749 9
1741578195822 0.5368177890777588 10
1741578196025 0.5350263714790344 11
1741578196224 0.5313440561294556 12
1741578196431 0.5249993205070496 13
1741578196631 0.5199512839317322 14
1741578196831 0.5186726450920105 15
1741578197032 0.5155215263366699 16
1741578197236 0.5104625225067139 17
1741578197435 0.5061047077178955 18
1741578197634 0.5002837181091309 19
1741578197833 0.49609261751174927 20
1741578198025 0.4896404445171356 21
1741578198237 0.48508220911026 22
1741578198436 0.48113083839416504 23
1741578198635 0.47716450691223145 24
1741578198824 0.4707503914833069 25
1741578199036 0.46421486139297485 26
1741578199225 0.45739826560020447 27
1741578199435 0.45292648673057556 28
1741578199625 0.4452783763408661 29
1741578199833 0.43854883313179016 30
1741578200033 0.4336368441581726 31
1741578200232 0.4289247393608093 32
1741578200432 0.4267458915710449 33
1741578200625 0.4178932011127472 34
1741578200824 0.4129296839237213 35
1741578201034 0.4075263440608978 36
1741578201241 0.40182965993881226 37
1741578201448 0.3986619710922241 38
1741578201657 0.3930310904979706 39
1741578201858 0.3869383931159973 40
1741578202064 0.38314226269721985 41
1741578202265 0.3783670961856842 42
1741578202463 0.38324570655822754 43
1741578202657 0.3761524260044098 44
1741578202867 0.37013816833496094 45
1741578203065 0.3642560839653015 46
1741578203264 0.35988324880599976 47
1741578203463 0.3553653657436371 48
1741578203657 0.352628231048584 49
