1741578193758 249.63336181640625 0
1741578193969 336.37310791015625 1
1741578194174 238.5025177001953 2
1741578194378 213.60218811035156 3
1741578194580 193.11509704589844 4
1741578194789 145.44229125976562 5
1741578195000 145.93499755859375 6
1741578195203 181.91119384765625 7
1741578195410 215.0723114013672 8
1741578195610 248.04345703125 9
1741578195822 289.3548889160156 10
1741578196025 299.75762939453125 11
1741578196224 330.698486328125 12
1741578196431 341.9372253417969 13
1741578196631 357.77264404296875 14
1741578196831 378.2991943359375 15
1741578197032 364.0289001464844 16
1741578197236 382.5455627441406 17
1741578197435 386.7911071777344 18
1741578197634 389.18731689453125 19
1741578197833 410.05731201171875 20
1741578198025 397.6894836425781 21
1741578198237 390.17230224609375 22
1741578198436 392.1175842285156 23
1741578198635 386.0508728027344 24
1741578198824 378.2554931640625 25
1741578199036 363.3780517578125 26
1741578199225 355.6590881347656 27
1741578199435 323.1550598144531 28
1741578199625 338.5938415527344 29
1741578199833 313.6972961425781 30
1741578200033 311.1930847167969 31
1741578200232 293.75335693359375 32
1741578200432 290.7336730957031 33
1741578200625 282.56329345703125 34
1741578200824 255.37939453125 35
1741578201034 279.86480712890625 36
1741578201241 247.70745849609375 37
1741578201448 233.53761291503906 38
1741578201657 239.20242309570312 39
1741578201858 242.5293731689453 40
1741578202064 222.68362426757812 41
1741578202265 225.98231506347656 42
1741578202463 240.97024536132812 43
1741578202657 221.56637573242188 44
1741578202867 204.03094482421875 45
1741578203065 193.88748168945312 46
1741578203264 200.7248077392578 47
1741578203463 210.00161743164062 48
1741578203657 186.16273498535156 49
