1741593549341 0.6058282256126404 0
1741593549633 0.35194823145866394 1
1741593549928 0.2868577837944031 2
1741593550212 0.2342972308397293 3
1741593550498 0.1922839730978012 4
1741593550784 0.1701766401529312 5
1741593551072 0.15569007396697998 6
1741593551368 0.14399564266204834 7
1741593551660 0.13593031466007233 8
1741593551951 0.12985289096832275 9
1741593552229 0.12371288239955902 10
1741593552515 0.1205398291349411 11
1741593552799 0.11524532735347748 12
1741593553107 0.1124616265296936 13
1741593553477 0.10794558376073837 14
1741593553824 0.10345742106437683 15
1741593554186 0.10154948383569717 16
1741593554539 0.09702174365520477 17
1741593554891 0.09858348220586777 18
1741593555249 0.09128917008638382 19
1741593555607 0.08542420715093613 20
1741593555954 0.07818138599395752 21
1741593556324 0.07689471542835236 22
1741593556692 0.06906235963106155 23
1741593557058 0.0647309422492981 24
1741593557419 0.06256886571645737 25
1741593557775 0.059809938073158264 26
1741593558143 0.058548931032419205 27
1741593558507 0.05619542673230171 28
1741593558874 0.05396163836121559 29
1741593559234 0.05278217792510986 30
1741593559596 0.05066224932670593 31
1741593559954 0.0493561252951622 32
1741593560309 0.04921729117631912 33
1741593560675 0.04718653857707977 34
1741593561042 0.04568479582667351 35
1741593561410 0.044645410031080246 36
1741593561767 0.043337151408195496 37
1741593562130 0.04199684411287308 38
1741593562492 0.041700538247823715 39
1741593562842 0.04079339653253555 40
1741593563208 0.03975275903940201 41
1741593563558 0.03878021985292435 42
1741593563925 0.038176029920578 43
1741593564292 0.037866346538066864 44
1741593564657 0.03739060088992119 45
1741593565015 0.03614545613527298 46
1741593565376 0.03548329323530197 47
1741593565737 0.03484637290239334 48
1741593566093 0.03417237475514412 49
1741593566460 0.03406248241662979 50
1741593566822 0.033284395933151245 51
1741593567185 0.032657310366630554 52
1741593567541 0.03220461308956146 53
1741593567908 0.03170565515756607 54
1741593568256 0.03345363214612007 55
1741593568625 0.0321354940533638 56
1741593568987 0.031108252704143524 57
1741593569341 0.03029341995716095 58
1741593569700 0.030387545004487038 59
1741593570074 0.030103204771876335 60
1741593570448 0.029130520299077034 61
1741593570808 0.028585530817508698 62
1741593571176 0.02845488302409649 63
1741593571523 0.02794909104704857 64
1741593571899 0.027994874864816666 65
1741593572256 0.027250565588474274 66
1741593572617 0.027055861428380013 67
1741593572976 0.028819546103477478 68
1741593573345 0.028557544574141502 69
1741593573697 0.028050052002072334 70
1741593574045 0.026839135214686394 71
1741593574410 0.026195187121629715 72
1741593574765 0.02559002861380577 73
1741593575107 0.02537309005856514 74
1741593575469 0.025453727692365646 75
1741593575817 0.024761203676462173 76
1741593576166 0.024540847167372704 77
1741593576538 0.02399609237909317 78
1741593576896 0.023777302354574203 79
1741593577266 0.023726921528577805 80
1741593577622 0.023784276098012924 81
1741593578008 0.02339266799390316 82
1741593578359 0.02299663797020912 83
1741593578718 0.028544681146740913 84
1741593579079 0.03544078394770622 85
1741593579433 0.030006201937794685 86
1741593579790 0.02586083486676216 87
1741593580161 0.023828033357858658 88
1741593580522 0.02350771427154541 89
1741593580869 0.02430111914873123 90
1741593581242 0.02308144047856331 91
1741593581605 0.02229907177388668 92
1741593581969 0.022600244730710983 93
1741593582317 0.022116687148809433 94
1741593582681 0.022714395076036453 95
1741593583031 0.022291092202067375 96
1741593583396 0.02124590240418911 97
1741593583744 0.02096467651426792 98
1741593584094 0.020464759320020676 99
1741593584473 0.020224617794156075 100
1741593584836 0.01998751424252987 101
1741593585185 0.019874587655067444 102
1741593585549 0.019671795889735222 103
1741593585914 0.01956840604543686 104
1741593586260 0.019367266446352005 105
1741593586625 0.01945958100259304 106
1741593586975 0.019155282527208328 107
1741593587323 0.01915683038532734 108
1741593587688 0.01888906955718994 109
1741593588052 0.018699897453188896 110
1741593588408 0.01852521114051342 111
1741593588765 0.01833537593483925 112
1741593589109 0.018212171271443367 113
1741593589473 0.01805686391890049 114
1741593589822 0.017986807972192764 115
1741593590187 0.017970925197005272 116
1741593590551 0.017831450328230858 117
1741593590897 0.01766548492014408 118
1741593591261 0.01753632165491581 119
1741593591609 0.017418749630451202 120
1741593591975 0.017253482714295387 121
1741593592321 0.018048705533146858 122
1741593592685 0.018939586356282234 123
1741593593048 0.018027205020189285 124
1741593593405 0.017500026151537895 125
1741593593768 0.01693965494632721 126
1741593594131 0.016745589673519135 127
1741593594489 0.016897138208150864 128
1741593594846 0.01658901572227478 129
1741593595193 0.016639580950140953 130
1741593595559 0.01650426536798477 131
1741593595942 0.016089405864477158 132
1741593596305 0.01587408222258091 133
1741593596652 0.016978159546852112 134
1741593597016 0.016414286568760872 135
1741593597395 0.01582496426999569 136
1741593597765 0.015502521768212318 137
1741593598120 0.015307522378861904 138
1741593598483 0.015080704353749752 139
1741593598833 0.01497772615402937 140
1741593599198 0.019449736922979355 141
1741593599577 0.017654644325375557 142
1741593599943 0.016837960109114647 143
1741593600305 0.015821857377886772 144
1741593600657 0.014888322912156582 145
1741593600937 0.014591268263757229 146
1741593601222 0.014418740756809711 147
1741593601505 0.014293801039457321 148
1741593601800 0.02148374728858471 149
1741593602069 0.01808547042310238 150
1741593602354 0.018060151487588882 151
1741593602636 0.01627601869404316 152
1741593602904 0.015618681907653809 153
1741593603186 0.01472614798694849 154
1741593603480 0.014056039974093437 155
1741593603754 0.01371950376778841 156
1741593604042 0.013319771736860275 157
1741593604329 0.013107404112815857 158
1741593604619 0.012896537780761719 159
1741593604903 0.012854676693677902 160
1741593605186 0.01254706084728241 161
1741593605480 0.012232093140482903 162
1741593605753 0.012683051638305187 163
1741593606036 0.012162016704678535 164
1741593606320 0.011883208528161049 165
1741593606604 0.011702355928719044 166
1741593606869 0.01155536063015461 167
1741593607160 0.011327559128403664 168
1741593607434 0.011983556672930717 169
1741593607703 0.012464474886655807 170
1741593607988 0.012038089334964752 171
1741593608291 0.011852956376969814 172
1741593608580 0.011453263461589813 173
1741593608866 0.011102466844022274 174
1741593609139 0.011542028747498989 175
1741593609490 0.010784560814499855 176
1741593609807 0.010593053884804249 177
1741593610105 0.0110779432579875 178
1741593610390 0.010817510075867176 179
1741593610673 0.010398528538644314 180
1741593610963 0.010104462504386902 181
1741593611250 0.009981347247958183 182
1741593611539 0.009806427173316479 183
1741593611819 0.00968585442751646 184
1741593612124 0.009758403524756432 185
1741593612452 0.00984919536858797 186
1741593612739 0.009799366816878319 187
1741593613057 0.014501115307211876 188
1741593613352 0.014948181807994843 189
1741593613665 0.012180004268884659 190
1741593613966 0.010961460880935192 191
1741593614252 0.010377706028521061 192
1741593614541 0.010802301578223705 193
1741593614835 0.009906422346830368 194
1741593615118 0.00929927732795477 195
1741593615455 0.009109443053603172 196
1741593615755 0.008886469528079033 197
1741593616054 0.008707861416041851 198
1741593616382 0.00857246108353138 199
