1741593549341 0.5825397968292236 0
1741593549633 0.41953253746032715 1
1741593549928 0.3758552372455597 2
1741593550212 0.33136409521102905 3
1741593550498 0.28666433691978455 4
1741593550784 0.2641623914241791 5
1741593551072 0.24189862608909607 6
1741593551368 0.23032940924167633 7
1741593551660 0.2212606817483902 8
1741593551951 0.21500714123249054 9
1741593552229 0.2068347930908203 10
1741593552515 0.20121842622756958 11
1741593552799 0.19499419629573822 12
1741593553107 0.1873537003993988 13
1741593553477 0.1835681051015854 14
1741593553824 0.178390771150589 15
1741593554186 0.17342741787433624 16
1741593554539 0.1692131757736206 17
1741593554891 0.17508649826049805 18
1741593555249 0.16588136553764343 19
1741593555607 0.15931057929992676 20
1741593555954 0.15179428458213806 21
1741593556324 0.15021266043186188 22
1741593556692 0.14447301626205444 23
1741593557058 0.13873106241226196 24
1741593557419 0.13908250629901886 25
1741593557775 0.13604141771793365 26
1741593558143 0.13625779747962952 27
1741593558507 0.1296575963497162 28
1741593558874 0.12638968229293823 29
1741593559234 0.12516538798809052 30
1741593559596 0.12226669490337372 31
1741593559954 0.1211252436041832 32
1741593560309 0.11883765459060669 33
1741593560675 0.11808720231056213 34
1741593561042 0.11641356348991394 35
1741593561410 0.1151561513543129 36
1741593561767 0.1138959676027298 37
1741593562130 0.11177654564380646 38
1741593562492 0.11365839838981628 39
1741593562842 0.11016588658094406 40
1741593563208 0.10855355858802795 41
1741593563558 0.10740694403648376 42
1741593563925 0.10659870505332947 43
1741593564292 0.10613524168729782 44
1741593564657 0.10559941083192825 45
1741593565015 0.10462333261966705 46
1741593565376 0.10338738560676575 47
1741593565737 0.10214999318122864 48
1741593566093 0.10095182061195374 49
1741593566460 0.10149130970239639 50
1741593566822 0.09993240237236023 51
1741593567185 0.09964656084775925 52
1741593567541 0.09872262179851532 53
1741593567908 0.09865350276231766 54
1741593568256 0.10033857077360153 55
1741593568625 0.100154809653759 56
1741593568987 0.09852363169193268 57
1741593569341 0.09776849299669266 58
1741593569700 0.09680109471082687 59
1741593570074 0.09773361682891846 60
1741593570448 0.09544642269611359 61
1741593570808 0.09377498924732208 62
1741593571176 0.0943375900387764 63
1741593571523 0.09420253336429596 64
1741593571899 0.09388445317745209 65
1741593572256 0.09554704278707504 66
1741593572617 0.09442955255508423 67
1741593572976 0.09636466950178146 68
1741593573345 0.09341933578252792 69
1741593573697 0.09638982266187668 70
1741593574045 0.09395430237054825 71
1741593574410 0.09164804965257645 72
1741593574765 0.08952514827251434 73
1741593575107 0.0905957818031311 74
1741593575469 0.09130971878767014 75
1741593575817 0.08938737958669662 76
1741593576166 0.09139655530452728 77
1741593576538 0.08797772228717804 78
1741593576896 0.08803695440292358 79
1741593577266 0.0869615226984024 80
1741593577622 0.08768711239099503 81
1741593578008 0.0867023691534996 82
1741593578359 0.08522383123636246 83
1741593578718 0.09279028326272964 84
1741593579079 0.10692545026540756 85
1741593579433 0.09870036691427231 86
1741593579790 0.09095525741577148 87
1741593580161 0.08834560960531235 88
1741593580522 0.0866587683558464 89
1741593580869 0.08896489441394806 90
1741593581242 0.08601835370063782 91
1741593581605 0.0841725617647171 92
1741593581969 0.08520928025245667 93
1741593582317 0.08450403809547424 94
1741593582681 0.08822639286518097 95
1741593583031 0.0894198790192604 96
1741593583396 0.08488351106643677 97
1741593583744 0.08543060719966888 98
1741593584094 0.08160659670829773 99
1741593584473 0.08043792098760605 100
1741593584836 0.08089430630207062 101
1741593585185 0.08223854750394821 102
1741593585549 0.07981724292039871 103
1741593585914 0.07882530242204666 104
1741593586260 0.07937712967395782 105
1741593586625 0.07916226238012314 106
1741593586975 0.07845506817102432 107
1741593587323 0.07857352495193481 108
1741593587688 0.07760296016931534 109
1741593588052 0.07737943530082703 110
1741593588408 0.07744337618350983 111
1741593588765 0.07657713443040848 112
1741593589109 0.07646834850311279 113
1741593589473 0.075557179749012 114
1741593589822 0.07566487044095993 115
1741593590187 0.0759710893034935 116
1741593590551 0.07504121214151382 117
1741593590897 0.07520788162946701 118
1741593591261 0.07503802329301834 119
1741593591609 0.07473400235176086 120
1741593591975 0.07452843338251114 121
1741593592321 0.0754227489233017 122
1741593592685 0.07854382693767548 123
1741593593048 0.07655464112758636 124
1741593593405 0.07795624434947968 125
1741593593768 0.07541528344154358 126
1741593594131 0.07460369169712067 127
1741593594489 0.07575808465480804 128
1741593594846 0.07606307417154312 129
1741593595193 0.07349865883588791 130
1741593595559 0.0733758956193924 131
1741593595942 0.07154664397239685 132
1741593596305 0.07113074511289597 133
1741593596652 0.07317750155925751 134
1741593597016 0.07256323844194412 135
1741593597395 0.07127038389444351 136
1741593597765 0.06969992816448212 137
1741593598120 0.07109300792217255 138
1741593598483 0.06958077847957611 139
1741593598833 0.06877422332763672 140
1741593599198 0.07545848935842514 141
1741593599577 0.07228028029203415 142
1741593599943 0.07286243885755539 143
1741593600305 0.06985916942358017 144
1741593600657 0.06851845234632492 145
1741593600937 0.06839324533939362 146
1741593601222 0.06790824979543686 147
1741593601505 0.06811301410198212 148
1741593601800 0.0825631320476532 149
1741593602069 0.07825421541929245 150
1741593602354 0.07605200260877609 151
1741593602636 0.07281287759542465 152
1741593602904 0.0742759257555008 153
1741593603186 0.07184260338544846 154
1741593603480 0.06854726374149323 155
1741593603754 0.06853031367063522 156
1741593604042 0.0658593401312828 157
1741593604329 0.06563425064086914 158
1741593604619 0.06571760773658752 159
1741593604903 0.06464780867099762 160
1741593605186 0.06292546540498734 161
1741593605480 0.06311874091625214 162
1741593605753 0.06436984241008759 163
1741593606036 0.06308736652135849 164
1741593606320 0.06161489337682724 165
1741593606604 0.06145741790533066 166
1741593606869 0.06076128035783768 167
1741593607160 0.06048983708024025 168
1741593607434 0.06335251778364182 169
1741593607703 0.06530963629484177 170
1741593607988 0.06356730312108994 171
1741593608291 0.06222917139530182 172
1741593608580 0.06183112785220146 173
1741593608866 0.06129508838057518 174
1741593609139 0.062085043638944626 175
1741593609490 0.05951498821377754 176
1741593609807 0.057990625500679016 177
1741593610105 0.06129009276628494 178
1741593610390 0.060302168130874634 179
1741593610673 0.05843880772590637 180
1741593610963 0.05740244686603546 181
1741593611250 0.05718757584691048 182
1741593611539 0.05718833580613136 183
1741593611819 0.056240327656269073 184
1741593612124 0.056079406291246414 185
1741593612452 0.05606688931584358 186
1741593612739 0.05662477761507034 187
1741593613057 0.06370675563812256 188
1741593613352 0.07054845243692398 189
1741593613665 0.06485762447118759 190
1741593613966 0.06156090274453163 191
1741593614252 0.06039080768823624 192
1741593614541 0.05972938612103462 193
1741593614835 0.0577668771147728 194
1741593615118 0.05418897792696953 195
1741593615455 0.054150838404893875 196
1741593615755 0.05319788306951523 197
1741593616054 0.052726808935403824 198
1741593616382 0.052227266132831573 199
