1741593549341 103.35587310791016 0
1741593549633 164.64573669433594 1
1741593549928 168.18896484375 2
1741593550212 91.27363586425781 3
1741593550498 80.16087341308594 4
1741593550784 78.76335906982422 5
1741593551072 71.79740142822266 6
1741593551368 78.21160888671875 7
1741593551660 74.85633087158203 8
1741593551951 76.44221496582031 9
1741593552229 73.2614517211914 10
1741593552515 68.80475616455078 11
1741593552799 73.95833587646484 12
1741593553107 66.0439682006836 13
1741593553477 68.33194732666016 14
1741593553824 66.5162582397461 15
1741593554186 67.75212860107422 16
1741593554539 64.6524429321289 17
1741593554891 65.9012222290039 18
1741593555249 66.4198989868164 19
1741593555607 65.50151824951172 20
1741593555954 62.88263702392578 21
1741593556324 63.723419189453125 22
1741593556692 67.82898712158203 23
1741593557058 61.6796760559082 24
1741593557419 62.32837677001953 25
1741593557775 65.04298400878906 26
1741593558143 64.43588256835938 27
1741593558507 62.682308197021484 28
1741593558874 61.66387176513672 29
1741593559234 60.07524108886719 30
1741593559596 61.81472396850586 31
1741593559954 60.879276275634766 32
1741593560309 60.9803466796875 33
1741593560675 59.83041763305664 34
1741593561042 60.609073638916016 35
1741593561410 59.56902313232422 36
1741593561767 60.28517150878906 37
1741593562130 59.61921691894531 38
1741593562492 60.6046257019043 39
1741593562842 59.4046745300293 40
1741593563208 59.241580963134766 41
1741593563558 59.6674919128418 42
1741593563925 59.124786376953125 43
1741593564292 58.81599044799805 44
1741593564657 59.959083557128906 45
1741593565015 58.14288330078125 46
1741593565376 59.554588317871094 47
1741593565737 59.71752166748047 48
1741593566093 58.00025939941406 49
1741593566460 57.30888748168945 50
1741593566822 56.377960205078125 51
1741593567185 58.312435150146484 52
1741593567541 57.904808044433594 53
1741593567908 58.36962890625 54
1741593568256 57.30243682861328 55
1741593568625 56.88624954223633 56
1741593568987 57.70484924316406 57
1741593569341 58.705814361572266 58
1741593569700 56.567508697509766 59
1741593570074 58.32509231567383 60
1741593570448 57.383819580078125 61
1741593570808 54.52535629272461 62
1741593571176 56.96417236328125 63
1741593571523 56.49053192138672 64
1741593571899 55.88054275512695 65
1741593572256 56.24114227294922 66
1741593572617 55.87548065185547 67
1741593572976 56.24912643432617 68
1741593573345 59.76713180541992 69
1741593573697 58.305137634277344 70
1741593574045 50.49040603637695 71
1741593574410 53.684654235839844 72
1741593574765 54.1096305847168 73
1741593575107 56.7208251953125 74
1741593575469 58.71744918823242 75
1741593575817 56.26319885253906 76
1741593576166 57.62691116333008 77
1741593576538 54.33456802368164 78
1741593576896 53.36534881591797 79
1741593577266 54.79231262207031 80
1741593577622 53.8819465637207 81
1741593578008 55.06055450439453 82
1741593578359 55.54999542236328 83
1741593578718 52.90021896362305 84
1741593579079 57.295631408691406 85
1741593579433 58.65106964111328 86
1741593579790 53.75215530395508 87
1741593580161 55.75491714477539 88
1741593580522 52.8955192565918 89
1741593580869 56.56812286376953 90
1741593581242 53.28996658325195 91
1741593581605 54.27763748168945 92
1741593581969 53.09597396850586 93
1741593582317 57.029300689697266 94
1741593582681 55.198429107666016 95
1741593583031 53.77961349487305 96
1741593583396 56.762481689453125 97
1741593583744 57.17537307739258 98
1741593584094 53.380619049072266 99
1741593584473 53.045589447021484 100
1741593584836 52.80680847167969 101
1741593585185 53.63380432128906 102
1741593585549 53.12163162231445 103
1741593585914 52.45219039916992 104
1741593586260 53.108734130859375 105
1741593586625 52.36326217651367 106
1741593586975 53.117835998535156 107
1741593587323 53.274898529052734 108
1741593587688 52.532588958740234 109
1741593588052 52.55549621582031 110
1741593588408 52.98746109008789 111
1741593588765 52.83415985107422 112
1741593589109 52.585941314697266 113
1741593589473 52.07017135620117 114
1741593589822 52.97500228881836 115
1741593590187 52.742801666259766 116
1741593590551 52.370845794677734 117
1741593590897 52.67658615112305 118
1741593591261 52.548179626464844 119
1741593591609 52.620059967041016 120
1741593591975 52.5815544128418 121
1741593592321 52.33114242553711 122
1741593592685 52.62320327758789 123
1741593593048 52.7695426940918 124
1741593593405 52.54100036621094 125
1741593593768 52.438018798828125 126
1741593594131 52.589256286621094 127
1741593594489 52.22720718383789 128
1741593594846 53.64299392700195 129
1741593595193 51.674400329589844 130
1741593595559 52.212669372558594 131
1741593595942 51.12623977661133 132
1741593596305 51.62540054321289 133
1741593596652 51.475826263427734 134
1741593597016 51.99237823486328 135
1741593597395 52.54867935180664 136
1741593597765 51.127540588378906 137
1741593598120 50.75916290283203 138
1741593598483 50.35136795043945 139
1741593598833 50.90468215942383 140
1741593599198 54.12409973144531 141
1741593599577 52.49831771850586 142
1741593599943 52.53172302246094 143
1741593600305 53.586883544921875 144
1741593600657 52.30253601074219 145
1741593600937 51.17726135253906 146
1741593601222 50.60741424560547 147
1741593601505 51.274131774902344 148
1741593601800 49.981712341308594 149
1741593602069 53.99697494506836 150
1741593602354 49.91498947143555 151
1741593602636 49.86518478393555 152
1741593602904 53.25199890136719 153
1741593603186 51.10377883911133 154
1741593603480 51.71452713012695 155
1741593603754 51.3189582824707 156
1741593604042 49.065521240234375 157
1741593604329 50.59379196166992 158
1741593604619 49.67194366455078 159
1741593604903 46.65095138549805 160
1741593605186 47.870052337646484 161
1741593605480 49.04221725463867 162
1741593605753 49.582923889160156 163
1741593606036 49.10420608520508 164
1741593606320 47.12239456176758 165
1741593606604 49.59298324584961 166
1741593606869 48.96452713012695 167
1741593607160 47.49566650390625 168
1741593607434 46.497474670410156 169
1741593607703 46.572959899902344 170
1741593607988 47.426509857177734 171
1741593608291 47.69007110595703 172
1741593608580 48.940616607666016 173
1741593608866 49.88965606689453 174
1741593609139 46.63422775268555 175
1741593609490 45.4398193359375 176
1741593609807 44.43151092529297 177
1741593610105 45.53695297241211 178
1741593610390 44.58049774169922 179
1741593610673 46.695186614990234 180
1741593610963 43.412601470947266 181
1741593611250 43.208553314208984 182
1741593611539 43.64965057373047 183
1741593611819 43.0281982421875 184
1741593612124 40.869964599609375 185
1741593612452 41.326141357421875 186
1741593612739 44.960968017578125 187
1741593613057 41.02058410644531 188
1741593613352 46.869754791259766 189
1741593613665 43.676876068115234 190
1741593613966 38.116615295410156 191
1741593614252 42.71221923828125 192
1741593614541 41.95229721069336 193
1741593614835 40.34678268432617 194
1741593615118 37.90951919555664 195
1741593615455 38.023101806640625 196
1741593615755 38.67835235595703 197
1741593616054 38.56912612915039 198
1741593616382 39.77104568481445 199
