1741593281022 13.2274169921875 0
1741593281319 12.278925895690918 1
1741593281588 11.613438606262207 2
1741593281870 10.990896224975586 3
1741593282171 10.401687622070312 4
1741593282471 9.836164474487305 5
1741593282768 9.294395446777344 6
1741593283053 8.77716064453125 7
1741593283337 8.28296947479248 8
1741593283605 7.813778400421143 9
1741593283891 7.370139122009277 10
1741593284182 6.948641777038574 11
1741593284454 6.546591281890869 12
1741593284746 6.167665481567383 13
1741593285031 5.809556007385254 14
1741593285321 5.470318794250488 15
1741593285621 5.149003982543945 16
1741593285921 4.844740867614746 17
1741593286222 4.558169364929199 18
1741593286522 4.28702449798584 19
1741593286787 4.030961990356445 20
1741593287071 3.7898168563842773 21
1741593287354 3.5612475872039795 22
1741593287655 3.3459603786468506 23
1741593287940 3.1437277793884277 24
1741593288222 2.9849581718444824 25
1741593288504 2.801504611968994 26
1741593288789 2.629711866378784 27
1741593289088 2.4710443019866943 28
1741593289385 2.3217453956604004 29
1741593289681 2.1807162761688232 30
1741593289970 2.0513510704040527 31
1741593290263 1.9291064739227295 32
1741593290548 1.8146604299545288 33
1741593290822 1.7070021629333496 34
1741593291109 1.6059383153915405 35
1741593291398 1.5107978582382202 36
1741593291671 1.421488881111145 37
1741593291955 1.3451805114746094 38
1741593292244 1.2616541385650635 39
1741593292538 1.1924165487289429 40
1741593292833 1.1207951307296753 41
1741593293120 1.0553871393203735 42
1741593293405 0.9948376417160034 43
1741593293704 0.9384055137634277 44
1741593293987 0.8868626952171326 45
1741593294270 0.8366189002990723 46
1741593294570 0.790290892124176 47
1741593294854 0.746238112449646 48
1741593295136 0.7056042551994324 49
1741593295404 0.6694584488868713 50
1741593295697 0.6343466639518738 51
1741593295970 0.601240873336792 52
1741593296254 0.5826777219772339 53
1741593296538 0.5464832186698914 54
1741593296840 0.5178408622741699 55
1741593297120 0.49106350541114807 56
1741593297404 0.46699628233909607 57
1741593297703 0.44439297914505005 58
1741593298013 0.42383435368537903 59
1741593298299 0.4048371911048889 60
1741593298589 0.387087881565094 61
1741593298886 0.37033188343048096 62
1741593299187 0.35486075282096863 63
1741593299471 0.3404964804649353 64
1741593299757 0.3284757137298584 65
1741593300037 0.314926415681839 66
1741593300330 0.30282536149024963 67
1741593300611 0.2956693470478058 68
1741593300892 0.2848174571990967 69
1741593301172 0.2764636278152466 70
1741593301469 0.2637214660644531 71
1741593301755 0.2560102641582489 72
1741593302041 0.25233104825019836 73
1741593302335 0.24173004925251007 74
1741593302608 0.23300914466381073 75
1741593302892 0.22661209106445312 76
1741593303190 0.22038069367408752 77
1741593303470 0.21464768052101135 78
1741593303752 0.2095208466053009 79
1741593304036 0.22197571396827698 80
1741593304322 0.20890961587429047 81
1741593304635 0.19784298539161682 82
1741593304945 0.19260039925575256 83
1741593305236 0.18835477530956268 84
1741593305516 0.1853727400302887 85
1741593305800 0.18149755895137787 86
1741593306088 0.17789320647716522 87
1741593306386 0.17566220462322235 88
1741593306685 0.17230434715747833 89
1741593306968 0.1693703681230545 90
1741593307247 0.16695944964885712 91
1741593307539 0.1691027283668518 92
1741593307821 0.16479173302650452 93
1741593308108 0.16170763969421387 94
1741593308396 0.15996040403842926 95
1741593308681 0.157226100564003 96
1741593308976 0.15546931326389313 97
1741593309254 0.15619200468063354 98
1741593309540 0.15403206646442413 99
1741593309820 0.1539793759584427 100
1741593310107 0.15064245462417603 101
1741593310402 0.14858417212963104 102
1741593310684 0.14581328630447388 103
1741593310968 0.14371389150619507 104
1741593311251 0.1419799029827118 105
1741593311536 0.14075742661952972 106
1741593311803 0.13934776186943054 107
1741593312108 0.14476057887077332 108
1741593312390 0.1411842256784439 109
1741593312680 0.14025920629501343 110
1741593312966 0.1381727159023285 111
1741593313235 0.13689523935317993 112
1741593313526 0.13561438024044037 113
1741593313811 0.1339215338230133 114
1741593314102 0.1319742202758789 115
1741593314387 0.1309492141008377 116
1741593314675 0.13075412809848785 117
1741593314951 0.1299114227294922 118
1741593315234 0.12837907671928406 119
1741593315502 0.12813164293766022 120
1741593315785 0.12676382064819336 121
1741593316068 0.12569208443164825 122
1741593316351 0.12481530755758286 123
1741593316634 0.12374933063983917 124
1741593316918 0.12511281669139862 125
1741593317185 0.1251802295446396 126
1741593317491 0.12258841097354889 127
1741593317774 0.12109804153442383 128
1741593318050 0.12028536200523376 129
1741593318353 0.12038308382034302 130
1741593318650 0.11896602809429169 131
1741593318952 0.11855121701955795 132
1741593319250 0.12087328732013702 133
1741593319550 0.11802514642477036 134
1741593319838 0.118204765021801 135
1741593320143 0.11806599050760269 136
1741593320434 0.1158285140991211 137
1741593320726 0.11555653810501099 138
1741593321018 0.11758758127689362 139
1741593321300 0.11481320112943649 140
1741593321577 0.1133793517947197 141
1741593321866 0.11280909925699234 142
1741593322167 0.11337440460920334 143
1741593322501 0.11471525579690933 144
1741593322800 0.12055012583732605 145
1741593323094 0.13155055046081543 146
1741593323406 0.12025920301675797 147
1741593323684 0.11570161581039429 148
1741593323984 0.11402589082717896 149
1741593324269 0.11249963194131851 150
1741593324550 0.11217550188302994 151
1741593324834 0.11034271866083145 152
1741593325117 0.10935606807470322 153
1741593325417 0.10920519381761551 154
1741593325701 0.10935172438621521 155
1741593326032 0.11018058657646179 156
1741593326337 0.10833924263715744 157
1741593326645 0.10766562819480896 158
1741593326941 0.1062823235988617 159
1741593327267 0.10584799945354462 160
1741593327552 0.10591065883636475 161
1741593327833 0.10614737123250961 162
1741593328117 0.10566059499979019 163
1741593328400 0.10549294203519821 164
1741593328684 0.10410263389348984 165
1741593328984 0.10444500297307968 166
1741593329271 0.10363508015871048 167
1741593329584 0.10292650014162064 168
1741593329884 0.10239563882350922 169
1741593330183 0.10354819148778915 170
1741593330487 0.10181713849306107 171
1741593330784 0.10119614005088806 172
1741593331083 0.10061738640069962 173
1741593331365 0.10054030269384384 174
1741593331674 0.10012160986661911 175
1741593331957 0.09988588839769363 176
1741593332255 0.09965776652097702 177
1741593332541 0.10089573264122009 178
1741593332841 0.09945818781852722 179
1741593333131 0.0990191251039505 180
1741593333421 0.09812846034765244 181
1741593333712 0.09806841611862183 182
1741593334008 0.09723721444606781 183
1741593334317 0.09711884707212448 184
1741593334616 0.09687191992998123 185
1741593334924 0.09643732756376266 186
1741593335219 0.09658215194940567 187
1741593335503 0.09665891528129578 188
1741593335791 0.09530457854270935 189
1741593336119 0.09619950503110886 190
1741593336415 0.09558823704719543 191
1741593336702 0.09610278904438019 192
1741593336990 0.0977819412946701 193
1741593337278 0.0951492041349411 194
1741593337567 0.09468169510364532 195
1741593337879 0.09383241832256317 196
1741593338184 0.09612109512090683 197
1741593338506 0.10048951953649521 198
1741593338804 0.12113174051046371 199
