1741593281022 0.6176789999008179 0
1741593281319 0.35197868943214417 1
1741593281588 0.28093627095222473 2
1741593281870 0.2402617484331131 3
1741593282171 0.23407161235809326 4
1741593282471 0.22354011237621307 5
1741593282768 0.21599456667900085 6
1741593283053 0.21304650604724884 7
1741593283337 0.2067703902721405 8
1741593283605 0.2061053216457367 9
1741593283891 0.2079920917749405 10
1741593284182 0.20557264983654022 11
1741593284454 0.19869059324264526 12
1741593284746 0.19763526320457458 13
1741593285031 0.19731232523918152 14
1741593285321 0.19527049362659454 15
1741593285621 0.1951097846031189 16
1741593285921 0.19328255951404572 17
1741593286222 0.19394953548908234 18
1741593286522 0.19312946498394012 19
1741593286787 0.18967239558696747 20
1741593287071 0.19001451134681702 21
1741593287354 0.18879690766334534 22
1741593287655 0.1860818862915039 23
1741593287940 0.1854562908411026 24
1741593288222 0.21460586786270142 25
1741593288504 0.22337277233600616 26
1741593288789 0.21596738696098328 27
1741593289088 0.19874995946884155 28
1741593289385 0.19530057907104492 29
1741593289681 0.18532252311706543 30
1741593289970 0.18279029428958893 31
1741593290263 0.18225936591625214 32
1741593290548 0.18256762623786926 33
1741593290822 0.181412473320961 34
1741593291109 0.17979058623313904 35
1741593291398 0.17904020845890045 36
1741593291671 0.17912137508392334 37
1741593291955 0.18918636441230774 38
1741593292244 0.18342116475105286 39
1741593292538 0.18908476829528809 40
1741593292833 0.18676243722438812 41
1741593293120 0.18244875967502594 42
1741593293405 0.18103322386741638 43
1741593293704 0.18168437480926514 44
1741593293987 0.18352121114730835 45
1741593294270 0.18394550681114197 46
1741593294570 0.18260453641414642 47
1741593294854 0.17807996273040771 48
1741593295136 0.177632674574852 49
1741593295404 0.18134313821792603 50
1741593295697 0.18036052584648132 51
1741593295970 0.18168063461780548 52
1741593296254 0.1928262710571289 53
1741593296538 0.18781164288520813 54
1741593296840 0.18319687247276306 55
1741593297120 0.1800788938999176 56
1741593297404 0.17869296669960022 57
1741593297703 0.17340700328350067 58
1741593298013 0.17163826525211334 59
1741593298299 0.17135509848594666 60
1741593298589 0.17111873626708984 61
1741593298886 0.17107056081295013 62
1741593299187 0.1709514707326889 63
1741593299471 0.17019854485988617 64
1741593299757 0.17814943194389343 65
1741593300037 0.1705901324748993 66
1741593300330 0.16844527423381805 67
1741593300611 0.17390452325344086 68
1741593300892 0.1758458912372589 69
1741593301172 0.17661242187023163 70
1741593301469 0.16897599399089813 71
1741593301755 0.1715846210718155 72
1741593302041 0.17341898381710052 73
1741593302335 0.16671180725097656 74
1741593302608 0.1631232500076294 75
1741593302892 0.1657910943031311 76
1741593303190 0.16546577215194702 77
1741593303470 0.162449449300766 78
1741593303752 0.1631188988685608 79
1741593304036 0.18089401721954346 80
1741593304322 0.18023434281349182 81
1741593304635 0.16616640985012054 82
1741593304945 0.16185231506824493 83
1741593305236 0.16120700538158417 84
1741593305516 0.15997973084449768 85
1741593305800 0.1596112847328186 86
1741593306088 0.1594749391078949 87
1741593306386 0.1603311449289322 88
1741593306685 0.15979094803333282 89
1741593306968 0.15834876894950867 90
1741593307247 0.159040167927742 91
1741593307539 0.17220814526081085 92
1741593307821 0.16423861682415009 93
1741593308108 0.16062882542610168 94
1741593308396 0.16027313470840454 95
1741593308681 0.1595342606306076 96
1741593308976 0.1590491086244583 97
1741593309254 0.16079463064670563 98
1741593309540 0.16505667567253113 99
1741593309820 0.16159124672412872 100
1741593310107 0.16159264743328094 101
1741593310402 0.15665626525878906 102
1741593310684 0.15429487824440002 103
1741593310968 0.15281330049037933 104
1741593311251 0.1509997695684433 105
1741593311536 0.15351176261901855 106
1741593311803 0.15077610313892365 107
1741593312108 0.16126783192157745 108
1741593312390 0.15666034817695618 109
1741593312680 0.16102352738380432 110
1741593312966 0.15540610253810883 111
1741593313235 0.15559859573841095 112
1741593313526 0.15294474363327026 113
1741593313811 0.15184594690799713 114
1741593314102 0.15011951327323914 115
1741593314387 0.15264877676963806 116
1741593314675 0.14983202517032623 117
1741593314951 0.15064643323421478 118
1741593315234 0.14808213710784912 119
1741593315502 0.14826634526252747 120
1741593315785 0.14770089089870453 121
1741593316068 0.146079421043396 122
1741593316351 0.14407731592655182 123
1741593316634 0.145504891872406 124
1741593316918 0.15142852067947388 125
1741593317185 0.1493266075849533 126
1741593317491 0.14678412675857544 127
1741593317774 0.14577117562294006 128
1741593318050 0.1437351107597351 129
1741593318353 0.1493937224149704 130
1741593318650 0.14316406846046448 131
1741593318952 0.14469003677368164 132
1741593319250 0.14867208898067474 133
1741593319550 0.14488039910793304 134
1741593319838 0.1450084000825882 135
1741593320143 0.14644500613212585 136
1741593320434 0.1432349979877472 137
1741593320726 0.14409387111663818 138
1741593321018 0.15409702062606812 139
1741593321300 0.14415165781974792 140
1741593321577 0.1404176652431488 141
1741593321866 0.1395205855369568 142
1741593322167 0.14464549720287323 143
1741593322501 0.15214784443378448 144
1741593322800 0.1552783101797104 145
1741593323094 0.17350171506404877 146
1741593323406 0.15423236787319183 147
1741593323684 0.1505354642868042 148
1741593323984 0.14586138725280762 149
1741593324269 0.14613668620586395 150
1741593324550 0.14859528839588165 151
1741593324834 0.14342017471790314 152
1741593325117 0.13918536901474 153
1741593325417 0.144142746925354 154
1741593325701 0.14261144399642944 155
1741593326032 0.15181292593479156 156
1741593326337 0.14116108417510986 157
1741593326645 0.1444794237613678 158
1741593326941 0.13730476796627045 159
1741593327267 0.1367664933204651 160
1741593327552 0.13787241280078888 161
1741593327833 0.14168952405452728 162
1741593328117 0.13953375816345215 163
1741593328400 0.14210669696331024 164
1741593328684 0.13690494000911713 165
1741593328984 0.14633460342884064 166
1741593329271 0.14180152118206024 167
1741593329584 0.1371690034866333 168
1741593329884 0.13614727556705475 169
1741593330183 0.13977743685245514 170
1741593330487 0.1373147964477539 171
1741593330784 0.13510185480117798 172
1741593331083 0.1351909190416336 173
1741593331365 0.13524219393730164 174
1741593331674 0.13510756194591522 175
1741593331957 0.13605286180973053 176
1741593332255 0.1348244696855545 177
1741593332541 0.14029328525066376 178
1741593332841 0.13633547723293304 179
1741593333131 0.13634799420833588 180
1741593333421 0.13269652426242828 181
1741593333712 0.1317909210920334 182
1741593334008 0.13193583488464355 183
1741593334317 0.13243432343006134 184
1741593334616 0.13180001080036163 185
1741593334924 0.13217289745807648 186
1741593335219 0.132987841963768 187
1741593335503 0.13832688331604004 188
1741593335791 0.13029874861240387 189
1741593336119 0.13335418701171875 190
1741593336415 0.13345058262348175 191
1741593336702 0.13991574943065643 192
1741593336990 0.13623151183128357 193
1741593337278 0.13201051950454712 194
1741593337567 0.133661687374115 195
1741593337879 0.13241145014762878 196
1741593338184 0.14015009999275208 197
1741593338506 0.14960753917694092 198
1741593338804 0.16890987753868103 199
