1741593281022 150.29635620117188 0
1741593281319 143.4032745361328 1
1741593281588 106.95669555664062 2
1741593281870 83.52497100830078 3
1741593282171 77.4035873413086 4
1741593282471 78.51805114746094 5
1741593282768 72.77729797363281 6
1741593283053 75.10376739501953 7
1741593283337 72.71937561035156 8
1741593283605 70.70590209960938 9
1741593283891 76.12985229492188 10
1741593284182 76.19053649902344 11
1741593284454 69.37774658203125 12
1741593284746 73.42095184326172 13
1741593285031 76.64420318603516 14
1741593285321 72.60697937011719 15
1741593285621 72.24610137939453 16
1741593285921 73.23802185058594 17
1741593286222 72.37572479248047 18
1741593286522 70.65239715576172 19
1741593286787 69.47361755371094 20
1741593287071 70.80609130859375 21
1741593287354 72.00218200683594 22
1741593287655 70.80097961425781 23
1741593287940 70.25809478759766 24
1741593288222 72.16639709472656 25
1741593288504 78.80944061279297 26
1741593288789 82.31688690185547 27
1741593289088 78.00530242919922 28
1741593289385 69.04882049560547 29
1741593289681 70.69075775146484 30
1741593289970 68.71634674072266 31
1741593290263 70.12836456298828 32
1741593290548 70.21459197998047 33
1741593290822 70.11824798583984 34
1741593291109 68.30465698242188 35
1741593291398 69.58961486816406 36
1741593291671 69.53380584716797 37
1741593291955 70.0466537475586 38
1741593292244 71.71253204345703 39
1741593292538 71.42564392089844 40
1741593292833 68.25333404541016 41
1741593293120 69.02755737304688 42
1741593293405 69.91670989990234 43
1741593293704 70.1089859008789 44
1741593293987 70.56464385986328 45
1741593294270 71.26787567138672 46
1741593294570 71.04945373535156 47
1741593294854 71.66763305664062 48
1741593295136 68.73210906982422 49
1741593295404 71.13252258300781 50
1741593295697 72.19549560546875 51
1741593295970 72.02611541748047 52
1741593296254 75.0273666381836 53
1741593296538 73.24928283691406 54
1741593296840 71.87015533447266 55
1741593297120 71.61994171142578 56
1741593297404 74.37258911132812 57
1741593297703 71.96267700195312 58
1741593298013 70.00928497314453 59
1741593298299 69.600341796875 60
1741593298589 70.7140884399414 61
1741593298886 69.10980987548828 62
1741593299187 70.4638442993164 63
1741593299471 70.42529296875 64
1741593299757 72.65991973876953 65
1741593300037 70.0731430053711 66
1741593300330 71.94567108154297 67
1741593300611 71.07080078125 68
1741593300892 69.11302185058594 69
1741593301172 73.28690338134766 70
1741593301469 71.8274917602539 71
1741593301755 72.26673126220703 72
1741593302041 72.25070190429688 73
1741593302335 67.59056854248047 74
1741593302608 71.65838623046875 75
1741593302892 71.87446594238281 76
1741593303190 68.72108459472656 77
1741593303470 69.00144958496094 78
1741593303752 67.37449645996094 79
1741593304036 72.6975326538086 80
1741593304322 74.72441864013672 81
1741593304635 68.96314239501953 82
1741593304945 70.4974594116211 83
1741593305236 67.80965423583984 84
1741593305516 67.01480102539062 85
1741593305800 66.93941497802734 86
1741593306088 67.15672302246094 87
1741593306386 67.15656280517578 88
1741593306685 70.67623138427734 89
1741593306968 67.53553009033203 90
1741593307247 66.27423858642578 91
1741593307539 71.06996154785156 92
1741593307821 67.78866577148438 93
1741593308108 69.20702362060547 94
1741593308396 68.1286392211914 95
1741593308681 69.89102172851562 96
1741593308976 67.18916320800781 97
1741593309254 69.65548706054688 98
1741593309540 67.93707275390625 99
1741593309820 66.3694839477539 100
1741593310107 68.71634674072266 101
1741593310402 68.28131866455078 102
1741593310684 64.63457489013672 103
1741593310968 66.49109649658203 104
1741593311251 67.69424438476562 105
1741593311536 67.30107879638672 106
1741593311803 69.53878784179688 107
1741593312108 68.14946746826172 108
1741593312390 65.78640747070312 109
1741593312680 69.7684097290039 110
1741593312966 70.98148345947266 111
1741593313235 65.09701538085938 112
1741593313526 68.34546661376953 113
1741593313811 67.2919921875 114
1741593314102 67.37336730957031 115
1741593314387 67.34092712402344 116
1741593314675 66.3161392211914 117
1741593314951 66.6627197265625 118
1741593315234 67.03654479980469 119
1741593315502 66.24993896484375 120
1741593315785 66.80030059814453 121
1741593316068 66.53079223632812 122
1741593316351 65.64398956298828 123
1741593316634 67.78845977783203 124
1741593316918 66.4742202758789 125
1741593317185 67.17817687988281 126
1741593317491 65.8460464477539 127
1741593317774 66.6087417602539 128
1741593318050 66.74398040771484 129
1741593318353 65.63665771484375 130
1741593318650 65.07804870605469 131
1741593318952 64.94486236572266 132
1741593319250 66.05967712402344 133
1741593319550 62.90605545043945 134
1741593319838 66.19490051269531 135
1741593320143 66.9085922241211 136
1741593320434 65.53135681152344 137
1741593320726 64.30864715576172 138
1741593321018 65.95606231689453 139
1741593321300 67.00626373291016 140
1741593321577 64.31999969482422 141
1741593321866 64.66215515136719 142
1741593322167 65.5152587890625 143
1741593322501 67.59519958496094 144
1741593322800 72.45135498046875 145
1741593323094 70.81158447265625 146
1741593323406 67.36604309082031 147
1741593323684 64.08515930175781 148
1741593323984 61.362548828125 149
1741593324269 65.98204040527344 150
1741593324550 63.025054931640625 151
1741593324834 65.84966278076172 152
1741593325117 63.84233474731445 153
1741593325417 66.96856689453125 154
1741593325701 63.0168571472168 155
1741593326032 66.2571792602539 156
1741593326337 64.10520935058594 157
1741593326645 62.247501373291016 158
1741593326941 64.65779113769531 159
1741593327267 63.506710052490234 160
1741593327552 63.59340286254883 161
1741593327833 63.892723083496094 162
1741593328117 64.94307708740234 163
1741593328400 65.15833282470703 164
1741593328684 61.98887634277344 165
1741593328984 66.79651641845703 166
1741593329271 63.91939163208008 167
1741593329584 64.48925018310547 168
1741593329884 63.65060806274414 169
1741593330183 63.5126838684082 170
1741593330487 63.21744918823242 171
1741593330784 62.11625671386719 172
1741593331083 63.49831008911133 173
1741593331365 62.17401885986328 174
1741593331674 61.810035705566406 175
1741593331957 62.90855407714844 176
1741593332255 61.98645782470703 177
1741593332541 64.89762878417969 178
1741593332841 62.80824279785156 179
1741593333131 63.30945587158203 180
1741593333421 63.16655731201172 181
1741593333712 62.669559478759766 182
1741593334008 62.417972564697266 183
1741593334317 62.5885009765625 184
1741593334616 61.84638214111328 185
1741593334924 63.32235336303711 186
1741593335219 63.60346603393555 187
1741593335503 63.82023620605469 188
1741593335791 61.700538635253906 189
1741593336119 62.33403778076172 190
1741593336415 60.57062530517578 191
1741593336702 64.0593490600586 192
1741593336990 62.74428939819336 193
1741593337278 61.48684310913086 194
1741593337567 62.79185485839844 195
1741593337879 62.95926284790039 196
1741593338184 62.73993682861328 197
1741593338506 68.21060180664062 198
1741593338804 70.59786987304688 199
