1741592104520 13.096351623535156 0
1741592104808 12.28522777557373 1
1741592105087 11.612615585327148 2
1741592105356 10.969446182250977 3
1741592105639 10.360201835632324 4
1741592105923 9.780838966369629 5
1741592106206 9.225605964660645 6
1741592106483 8.697729110717773 7
1741592106753 8.196699142456055 8
1741592107034 7.718931198120117 9
1741592107319 7.27142333984375 10
1741592107624 6.8509039878845215 11
1741592107921 6.452058792114258 12
1741592108223 6.072953701019287 13
1741592108499 5.722726345062256 14
1741592108779 5.382991313934326 15
1741592109056 5.07192850112915 16
1741592109336 4.769717216491699 17
1741592109598 4.484478950500488 18
1741592109876 4.2177042961120605 19
1741592110156 3.9654743671417236 20
1741592110432 3.727083683013916 21
1741592110699 3.501925468444824 22
1741592110988 3.2902302742004395 23
1741592111274 3.0901296138763428 24
1741592111548 2.9017910957336426 25
1741592111816 2.7244462966918945 26
1741592112098 2.5572361946105957 27
1741592112365 2.400728940963745 28
1741592112655 2.253204584121704 29
1741592112933 2.114475965499878 30
1741592113199 1.983463168144226 31
1741592113474 1.8643649816513062 32
1741592113751 1.7515603303909302 33
1741592114022 1.6419893503189087 34
1741592114295 1.5397511720657349 35
1741592114570 1.4453715085983276 36
1741592114831 1.3571696281433105 37
1741592115118 1.2757611274719238 38
1741592115382 1.1975919008255005 39
1741592115683 1.1246203184127808 40
1741592115965 1.0569761991500854 41
1741592116248 0.9933749437332153 42
1741592116534 0.9340559244155884 43
1741592116810 0.8787468075752258 44
1741592117081 0.8269153833389282 45
1741592117350 0.7791107892990112 46
1741592117615 0.7343392372131348 47
1741592117902 0.6915237903594971 48
1741592118164 0.6524059772491455 49
1741592118437 0.6164546012878418 50
1741592118699 0.5824462175369263 51
1741592118982 0.5511316657066345 52
1741592119249 0.520725429058075 53
1741592119540 0.49322509765625 54
1741592119818 0.4739086925983429 55
1741592120098 0.44801831245422363 56
1741592120381 0.42556285858154297 57
1741592120648 0.405412882566452 58
1741592120916 0.38674652576446533 59
1741592121182 0.3729912042617798 60
1741592121464 0.354644238948822 61
1741592121733 0.3524073660373688 62
1741592121999 0.3311782479286194 63
1741592122285 0.31201305985450745 64
1741592122560 0.29921144247055054 65
1741592122847 0.2874944508075714 66
1741592123114 0.27581825852394104 67
1741592123398 0.2671246826648712 68
1741592123693 0.258861243724823 69
1741592123972 0.2492188960313797 70
1741592124248 0.23946456611156464 71
1741592124514 0.23211151361465454 72
1741592124785 0.22449149191379547 73
1741592125064 0.21833182871341705 74
1741592125331 0.21201498806476593 75
1741592125598 0.2096424400806427 76
1741592125881 0.2071772962808609 77
1741592126148 0.2113107144832611 78
1741592126431 0.20253530144691467 79
1741592126700 0.19812636077404022 80
1741592126982 0.18938224017620087 81
1741592127254 0.18326467275619507 82
1741592127514 0.1795230358839035 83
1741592127802 0.17498335242271423 84
1741592128082 0.17133615911006927 85
1741592128349 0.16805993020534515 86
1741592128631 0.16559061408042908 87
1741592128932 0.1628175973892212 88
1741592129198 0.16018767654895782 89
1741592129478 0.15871283411979675 90
1741592129748 0.15571196377277374 91
1741592130014 0.15389767289161682 92
1741592130284 0.15279781818389893 93
1741592130564 0.1502857655286789 94
1741592130831 0.14816966652870178 95
1741592131098 0.14669491350650787 96
1741592131383 0.1448611170053482 97
1741592131647 0.1431460678577423 98
1741592131926 0.1417158842086792 99
