1741592104520 0.4321562349796295 0
1741592104808 0.28090372681617737 1
1741592105087 0.24889883399009705 2
1741592105356 0.2292759120464325 3
1741592105639 0.2225821167230606 4
1741592105923 0.2161041647195816 5
1741592106206 0.21222180128097534 6
1741592106483 0.21183684468269348 7
1741592106753 0.2088472694158554 8
1741592107034 0.203558087348938 9
1741592107319 0.207408607006073 10
1741592107624 0.2065800279378891 11
1741592107921 0.2029939591884613 12
1741592108223 0.2016918808221817 13
1741592108499 0.20440486073493958 14
1741592108779 0.20024877786636353 15
1741592109056 0.20458994805812836 16
1741592109336 0.203591987490654 17
1741592109598 0.1970609724521637 18
1741592109876 0.19324593245983124 19
1741592110156 0.19218261539936066 20
1741592110432 0.19094839692115784 21
1741592110699 0.18790216743946075 22
1741592110988 0.18773719668388367 23
1741592111274 0.1854163557291031 24
1741592111548 0.18480604887008667 25
1741592111816 0.18418438732624054 26
1741592112098 0.1832413524389267 27
1741592112365 0.1824394017457962 28
1741592112655 0.18321019411087036 29
1741592112933 0.18346408009529114 30
1741592113199 0.18237486481666565 31
1741592113474 0.1847948580980301 32
1741592113751 0.18493930995464325 33
1741592114022 0.1813407838344574 34
1741592114295 0.17886394262313843 35
1741592114570 0.17698541283607483 36
1741592114831 0.17726640403270721 37
1741592115118 0.17987395823001862 38
1741592115382 0.1769591122865677 39
1741592115683 0.17584040760993958 40
1741592115965 0.17542541027069092 41
1741592116248 0.1745835542678833 42
1741592116534 0.17464371025562286 43
1741592116810 0.17480657994747162 44
1741592117081 0.17482870817184448 45
1741592117350 0.17517779767513275 46
1741592117615 0.1765521764755249 47
1741592117902 0.17434284090995789 48
1741592118164 0.17301468551158905 49
1741592118437 0.17491215467453003 50
1741592118699 0.17289547622203827 51
1741592118982 0.1737438589334488 52
1741592119249 0.17171137034893036 53
1741592119540 0.17048929631710052 54
1741592119818 0.1779077649116516 55
1741592120098 0.17487065494060516 56
1741592120381 0.1753951907157898 57
1741592120648 0.1752808690071106 58
1741592120916 0.17512468993663788 59
1741592121182 0.18043822050094604 60
1741592121464 0.176263228058815 61
1741592121733 0.19190190732479095 62
1741592121999 0.18074026703834534 63
1741592122285 0.1749981939792633 64
1741592122560 0.16967803239822388 65
1741592122847 0.17020390927791595 66
1741592123114 0.16880035400390625 67
1741592123398 0.1656990647315979 68
1741592123693 0.17054861783981323 69
1741592123972 0.16912870109081268 70
1741592124248 0.16400489211082458 71
1741592124514 0.16126728057861328 72
1741592124785 0.15944886207580566 73
1741592125064 0.161413311958313 74
1741592125331 0.15862007439136505 75
1741592125598 0.16575652360916138 76
1741592125881 0.16576844453811646 77
1741592126148 0.18215946853160858 78
1741592126431 0.17327573895454407 79
1741592126700 0.1743900328874588 80
1741592126982 0.17034912109375 81
1741592127254 0.15957482159137726 82
1741592127514 0.15551984310150146 83
1741592127802 0.15682420134544373 84
1741592128082 0.15438760817050934 85
1741592128349 0.15438312292099 86
1741592128631 0.15315288305282593 87
1741592128932 0.15332762897014618 88
1741592129198 0.15221841633319855 89
1741592129478 0.15308620035648346 90
1741592129748 0.15379586815834045 91
1741592130014 0.15293657779693604 92
1741592130284 0.1550031304359436 93
1741592130564 0.15146209299564362 94
1741592130831 0.15019944310188293 95
1741592131098 0.15350863337516785 96
1741592131383 0.15168996155261993 97
1741592131647 0.15139876306056976 98
1741592131926 0.1504102647304535 99
