1741592104520 162.3256072998047 0
1741592104808 97.72335815429688 1
1741592105087 81.7430191040039 2
1741592105356 72.99757385253906 3
1741592105639 71.51167297363281 4
1741592105923 69.73287200927734 5
1741592106206 68.8271484375 6
1741592106483 69.29891967773438 7
1741592106753 68.22431182861328 8
1741592107034 70.73267364501953 9
1741592107319 73.80963134765625 10
1741592107624 70.3836898803711 11
1741592107921 69.67118072509766 12
1741592108223 75.37792205810547 13
1741592108499 71.08314514160156 14
1741592108779 69.10820007324219 15
1741592109056 75.29591369628906 16
1741592109336 73.57147979736328 17
1741592109598 74.05929565429688 18
1741592109876 69.08777618408203 19
1741592110156 69.08419036865234 20
1741592110432 72.00321197509766 21
1741592110699 68.48562622070312 22
1741592110988 68.67912292480469 23
1741592111274 68.36336517333984 24
1741592111548 67.77153015136719 25
1741592111816 66.48007202148438 26
1741592112098 68.58175659179688 27
1741592112365 66.49276733398438 28
1741592112655 66.36995697021484 29
1741592112933 67.39201354980469 30
1741592113199 68.23847198486328 31
1741592113474 68.51739501953125 32
1741592113751 66.56514739990234 33
1741592114022 67.44703674316406 34
1741592114295 67.849609375 35
1741592114570 68.2791976928711 36
1741592114831 66.98812103271484 37
1741592115118 66.7016372680664 38
1741592115382 66.46025085449219 39
1741592115683 66.3556137084961 40
1741592115965 66.72248077392578 41
1741592116248 67.36434936523438 42
1741592116534 67.57274627685547 43
1741592116810 67.69939422607422 44
1741592117081 67.71179962158203 45
1741592117350 67.11805725097656 46
1741592117615 67.35343933105469 47
1741592117902 68.26860046386719 48
1741592118164 67.1578140258789 49
1741592118437 68.31895446777344 50
1741592118699 67.37625885009766 51
1741592118982 69.02326202392578 52
1741592119249 66.90953063964844 53
1741592119540 69.07072448730469 54
1741592119818 67.73358154296875 55
1741592120098 66.72101593017578 56
1741592120381 69.22919464111328 57
1741592120648 66.15033721923828 58
1741592120916 65.87665557861328 59
1741592121182 68.15699768066406 60
1741592121464 68.41439819335938 61
1741592121733 68.68655395507812 62
1741592121999 71.87603759765625 63
1741592122285 66.34073638916016 64
1741592122560 65.77235412597656 65
1741592122847 65.52536010742188 66
1741592123114 68.84386444091797 67
1741592123398 65.50519561767578 68
1741592123693 67.48955535888672 69
1741592123972 64.77510833740234 70
1741592124248 67.2919692993164 71
1741592124514 66.02710723876953 72
1741592124785 64.82437896728516 73
1741592125064 66.38008880615234 74
1741592125331 65.40498352050781 75
1741592125598 64.48426818847656 76
1741592125881 62.917884826660156 77
1741592126148 68.84219360351562 78
1741592126431 67.85336303710938 79
1741592126700 72.0235824584961 80
1741592126982 67.77564239501953 81
1741592127254 67.4491958618164 82
1741592127514 62.46763229370117 83
1741592127802 65.22854614257812 84
1741592128082 62.67915725708008 85
1741592128349 62.567649841308594 86
1741592128631 63.10218048095703 87
1741592128932 63.793636322021484 88
1741592129198 65.0658187866211 89
1741592129478 63.78181838989258 90
1741592129748 63.46293258666992 91
1741592130014 64.4341049194336 92
1741592130284 64.65779876708984 93
1741592130564 63.585052490234375 94
1741592130831 63.52985382080078 95
1741592131098 63.873497009277344 96
1741592131383 62.75499725341797 97
1741592131647 63.95414352416992 98
1741592131926 64.29354858398438 99
