1741591620231 3.220933198928833 0
1741591620384 3.034860610961914 1
1741591620534 2.8596739768981934 2
1741591620681 2.692329168319702 3
1741591620814 2.527902126312256 4
1741591620964 2.377181053161621 5
1741591621112 2.235208034515381 6
1741591621268 2.1010799407958984 7
1741591621420 1.975144863128662 8
1741591621563 1.8563026189804077 9
1741591621711 1.7445987462997437 10
1741591621848 1.6401474475860596 11
1741591621998 1.5412837266921997 12
1741591622145 1.448709487915039 13
1741591622281 1.3619894981384277 14
1741591622439 1.2806669473648071 15
1741591622579 1.2042385339736938 16
1741591622729 1.1334971189498901 17
1741591622873 1.0666863918304443 18
1741591623012 1.0045676231384277 19
1741591623165 0.9467410445213318 20
1741591623317 0.891392707824707 21
1741591623498 0.8399481773376465 22
1741591623663 0.7920575141906738 23
1741591623816 0.7473793625831604 24
1741591623967 0.705872118473053 25
1741591624124 0.6665974855422974 26
1741591624284 0.6303631067276001 27
1741591624429 0.59641033411026 28
1741591624595 0.5641682744026184 29
1741591624746 0.5345407128334045 30
1741591624896 0.5072171688079834 31
1741591625050 0.48072007298469543 32
1741591625195 0.45604345202445984 33
1741591625331 0.43276649713516235 34
1741591625479 0.41231849789619446 35
1741591625630 0.3912753462791443 36
1741591625779 0.37245622277259827 37
1741591625929 0.3547649681568146 38
1741591626076 0.3382837176322937 39
1741591626225 0.3230638802051544 40
1741591626376 0.3082987070083618 41
1741591626526 0.2945372760295868 42
1741591626673 0.2824697196483612 43
1741591626821 0.27004820108413696 44
1741591626964 0.25876176357269287 45
1741591627112 0.24820105731487274 46
1741591627262 0.23821859061717987 47
1741591627400 0.22877725958824158 48
1741591627561 0.22000296413898468 49
1741591627712 0.21188712120056152 50
1741591627860 0.20411357283592224 51
1741591628014 0.1967374086380005 52
1741591628169 0.1898418664932251 53
1741591628321 0.18338558077812195 54
1741591628468 0.17726624011993408 55
1741591628618 0.172600656747818 56
1741591628789 0.1690651774406433 57
1741591628934 0.16177739202976227 58
1741591629080 0.15825265645980835 59
1741591629217 0.15249516069889069 60
1741591629369 0.14800333976745605 61
1741591629513 0.1438540518283844 62
1741591629662 0.1396685391664505 63
1741591629801 0.13610662519931793 64
1741591629956 0.13289523124694824 65
1741591630101 0.12994563579559326 66
1741591630247 0.1267530620098114 67
1741591630396 0.12384633719921112 68
1741591630541 0.12126997113227844 69
1741591630684 0.11843638867139816 70
1741591630829 0.11634320765733719 71
1741591630977 0.11391598731279373 72
1741591631117 0.11168444156646729 73
1741591631270 0.10936552286148071 74
1741591631416 0.10746829956769943 75
1741591631570 0.10568492859601974 76
1741591631720 0.10873652994632721 77
1741591631883 0.1039612889289856 78
1741591632032 0.10180553048849106 79
1741591632187 0.10046332329511642 80
1741591632334 0.09862048178911209 81
1741591632489 0.09702738374471664 82
1741591632637 0.09534770250320435 83
1741591632783 0.09407391399145126 84
1741591632930 0.09306766092777252 85
1741591633067 0.09682558476924896 86
1741591633218 0.09187775105237961 87
1741591633378 0.09100253880023956 88
1741591633520 0.08920638263225555 89
1741591633663 0.08816534280776978 90
1741591633816 0.08716809004545212 91
1741591633961 0.08635944873094559 92
1741591634104 0.08602872490882874 93
1741591634249 0.08621198683977127 94
1741591634393 0.088275246322155 95
1741591634537 0.08399109542369843 96
1741591634679 0.08309371769428253 97
1741591634832 0.08226101845502853 98
1741591634984 0.08182179927825928 99
