1741591620231 0.10089612752199173 0
1741591620384 0.11162862181663513 1
1741591620534 0.1253526657819748 2
1741591620681 0.11621083319187164 3
1741591620814 0.11187778413295746 4
1741591620964 0.10790827870368958 5
1741591621112 0.10320480167865753 6
1741591621268 0.10253933072090149 7
1741591621420 0.10266384482383728 8
1741591621563 0.10363730043172836 9
1741591621711 0.1034536361694336 10
1741591621848 0.10601060837507248 11
1741591621998 0.10387294739484787 12
1741591622145 0.10364900529384613 13
1741591622281 0.1042971983551979 14
1741591622439 0.10432028025388718 15
1741591622579 0.10322006791830063 16
1741591622729 0.1095624789595604 17
1741591622873 0.10661124438047409 18
1741591623012 0.10908915847539902 19
1741591623165 0.11036122590303421 20
1741591623317 0.11058217287063599 21
1741591623498 0.10592677444219589 22
1741591623663 0.10474792122840881 23
1741591623816 0.10473515838384628 24
1741591623967 0.10567084699869156 25
1741591624124 0.10391956567764282 26
1741591624284 0.10663099586963654 27
1741591624429 0.10720061510801315 28
1741591624595 0.10381259769201279 29
1741591624746 0.10671199858188629 30
1741591624896 0.10727152973413467 31
1741591625050 0.10841879993677139 32
1741591625195 0.10644698888063431 33
1741591625331 0.10394196957349777 34
1741591625479 0.10858479142189026 35
1741591625630 0.10452698171138763 36
1741591625779 0.10486403852701187 37
1741591625929 0.10375770926475525 38
1741591626076 0.1034647524356842 39
1741591626225 0.10825732350349426 40
1741591626376 0.10334179550409317 41
1741591626526 0.10259892046451569 42
1741591626673 0.10523388534784317 43
1741591626821 0.10263889282941818 44
1741591626964 0.10270322114229202 45
1741591627112 0.10399195551872253 46
1741591627262 0.10347414016723633 47
1741591627400 0.10327127575874329 48
1741591627561 0.10180515795946121 49
1741591627712 0.10321497917175293 50
1741591627860 0.10342863202095032 51
1741591628014 0.10350790619850159 52
1741591628169 0.10173678398132324 53
1741591628321 0.10177330672740936 54
1741591628468 0.10272487252950668 55
1741591628618 0.10870534926652908 56
1741591628789 0.1145673468708992 57
1741591628934 0.11081631481647491 58
1741591629080 0.1079641580581665 59
1741591629217 0.10924109071493149 60
1741591629369 0.10423298925161362 61
1741591629513 0.10638770461082458 62
1741591629662 0.10064003616571426 63
1741591629801 0.10072341561317444 64
1741591629956 0.10383706539869308 65
1741591630101 0.10328240692615509 66
1741591630247 0.10532539337873459 67
1741591630396 0.1019754558801651 68
1741591630541 0.10384838283061981 69
1741591630684 0.10030417144298553 70
1741591630829 0.10330204665660858 71
1741591630977 0.10196966677904129 72
1741591631117 0.1031666025519371 73
1741591631270 0.09924005717039108 74
1741591631416 0.10068848729133606 75
1741591631570 0.1013122946023941 76
1741591631720 0.12282358109951019 77
1741591631883 0.1124889999628067 78
1741591632032 0.1060190200805664 79
1741591632187 0.10989715903997421 80
1741591632334 0.1037624329328537 81
1741591632489 0.10499251633882523 82
1741591632637 0.10214681178331375 83
1741591632783 0.1021924540400505 84
1741591632930 0.10048546642065048 85
1741591633067 0.12069050222635269 86
1741591633218 0.1087714284658432 87
1741591633378 0.1052829921245575 88
1741591633520 0.10514291375875473 89
1741591633663 0.1012590080499649 90
1741591633816 0.09997827559709549 91
1741591633961 0.10099536180496216 92
1741591634104 0.1033252626657486 93
1741591634249 0.11265978217124939 94
1741591634393 0.12225072085857391 95
1741591634537 0.10194198787212372 96
1741591634679 0.1000027060508728 97
1741591634832 0.0999450758099556 98
1741591634984 0.09828896075487137 99
