1741591620231 57.275020599365234 0
1741591620384 59.67815399169922 1
1741591620534 58.053104400634766 2
1741591620681 57.067359924316406 3
1741591620814 55.019412994384766 4
1741591620964 55.260990142822266 5
1741591621112 54.88836669921875 6
1741591621268 52.67290496826172 7
1741591621420 52.78823471069336 8
1741591621563 51.778987884521484 9
1741591621711 51.61496353149414 10
1741591621848 50.49654769897461 11
1741591621998 50.929046630859375 12
1741591622145 51.64295959472656 13
1741591622281 50.96666717529297 14
1741591622439 50.71717834472656 15
1741591622579 50.96243667602539 16
1741591622729 50.17667770385742 17
1741591622873 51.11469268798828 18
1741591623012 49.895999908447266 19
1741591623165 50.77703857421875 20
1741591623317 50.93273162841797 21
1741591623498 50.79828643798828 22
1741591623663 49.86342239379883 23
1741591623816 49.918373107910156 24
1741591623967 50.38026809692383 25
1741591624124 50.29977035522461 26
1741591624284 49.622318267822266 27
1741591624429 49.81499099731445 28
1741591624595 50.18854522705078 29
1741591624746 50.0782585144043 30
1741591624896 50.29336166381836 31
1741591625050 50.62862014770508 32
1741591625195 51.396183013916016 33
1741591625331 50.84465408325195 34
1741591625479 51.220767974853516 35
1741591625630 49.740699768066406 36
1741591625779 49.728111267089844 37
1741591625929 50.175331115722656 38
1741591626076 50.744873046875 39
1741591626225 50.403255462646484 40
1741591626376 50.79704284667969 41
1741591626526 49.95107650756836 42
1741591626673 50.48220443725586 43
1741591626821 49.526241302490234 44
1741591626964 49.55742645263672 45
1741591627112 49.606231689453125 46
1741591627262 49.93061828613281 47
1741591627400 50.150821685791016 48
1741591627561 50.43738555908203 49
1741591627712 50.30576705932617 50
1741591627860 50.857784271240234 51
1741591628014 50.167598724365234 52
1741591628169 50.236934661865234 53
1741591628321 50.001007080078125 54
1741591628468 50.0340576171875 55
1741591628618 51.33043670654297 56
1741591628789 52.34690475463867 57
1741591628934 50.97401428222656 58
1741591629080 50.949188232421875 59
1741591629217 50.4662971496582 60
1741591629369 50.37736892700195 61
1741591629513 50.39137268066406 62
1741591629662 50.07893371582031 63
1741591629801 50.2978401184082 64
1741591629956 50.13552474975586 65
1741591630101 50.06703186035156 66
1741591630247 50.240177154541016 67
1741591630396 50.22545623779297 68
1741591630541 50.53678894042969 69
1741591630684 50.017887115478516 70
1741591630829 50.76465606689453 71
1741591630977 50.119415283203125 72
1741591631117 49.856163024902344 73
1741591631270 49.58114242553711 74
1741591631416 49.69718551635742 75
1741591631570 50.42203903198242 76
1741591631720 53.57405471801758 77
1741591631883 53.018428802490234 78
1741591632032 51.036834716796875 79
1741591632187 52.07200241088867 80
1741591632334 50.06874084472656 81
1741591632489 50.738983154296875 82
1741591632637 49.889404296875 83
1741591632783 50.10047912597656 84
1741591632930 50.294700622558594 85
1741591633067 52.55564498901367 86
1741591633218 50.172664642333984 87
1741591633378 50.642677307128906 88
1741591633520 49.95818328857422 89
1741591633663 50.15492630004883 90
1741591633816 49.980709075927734 91
1741591633961 50.02529525756836 92
1741591634104 50.527000427246094 93
1741591634249 51.175601959228516 94
1741591634393 53.057891845703125 95
1741591634537 49.55068588256836 96
1741591634679 48.42728805541992 97
1741591634832 49.17246627807617 98
1741591634984 49.52280807495117 99
