1741591763285 8.807144165039062 0
1741591763448 8.327226638793945 1
1741591763610 7.938119888305664 2
1741591763776 7.539459705352783 3
1741591763946 7.133803844451904 4
1741591764131 6.744229793548584 5
1741591764304 6.3608927726745605 6
1741591764472 5.991417407989502 7
1741591764637 5.635495185852051 8
1741591764801 5.306547164916992 9
1741591764960 4.976515293121338 10
1741591765118 4.669480323791504 11
1741591765275 4.374348163604736 12
1741591765426 4.095803737640381 13
1741591765592 3.832638740539551 14
1741591765750 3.5843164920806885 15
1741591765914 3.3502867221832275 16
1741591766076 3.1293461322784424 17
1741591766240 2.9224119186401367 18
1741591766398 2.727950096130371 19
1741591766556 2.546262264251709 20
1741591766719 2.375948429107666 21
1741591766878 2.216747760772705 22
1741591767037 2.0678718090057373 23
1741591767200 1.9293519258499146 24
1741591767359 1.800502061843872 25
1741591767519 1.6815260648727417 26
1741591767675 1.5689831972122192 27
1741591767836 1.4650832414627075 28
1741591767993 1.3687756061553955 29
1741591768153 1.2788221836090088 30
1741591768309 1.1955395936965942 31
1741591768467 1.1184532642364502 32
1741591768627 1.0494040250778198 33
1741591768786 0.9820184707641602 34
1741591768942 0.9193185567855835 35
1741591769097 0.8618900179862976 36
1741591769253 0.846038818359375 37
1741591769410 0.7767909169197083 38
1741591769566 0.7205095887184143 39
1741591769723 0.678996205329895 40
1741591769887 0.6407699584960938 41
1741591770048 0.6030633449554443 42
1741591770206 0.5702306032180786 43
1741591770386 0.5396511554718018 44
1741591770558 0.5114853978157043 45
1741591770717 0.4850428104400635 46
1741591770873 0.4599751830101013 47
1741591771023 0.43702468276023865 48
1741591771188 0.4159010052680969 49
1741591771346 0.3965517282485962 50
1741591771508 0.37781956791877747 51
1741591771665 0.3607538938522339 52
1741591771822 0.34538334608078003 53
1741591771979 0.3304108679294586 54
1741591772136 0.31638607382774353 55
1741591772294 0.3031739890575409 56
1741591772451 0.2911643087863922 57
1741591772610 0.2801384925842285 58
1741591772769 0.2697725296020508 59
1741591772924 0.259988933801651 60
1741591773081 0.25236594676971436 61
1741591773240 0.2438812553882599 62
1741591773396 0.2363319844007492 63
1741591773559 0.22931843996047974 64
1741591773722 0.2208111584186554 65
1741591773887 0.21437090635299683 66
1741591774048 0.20842142403125763 67
1741591774215 0.20265796780586243 68
1741591774384 0.19733668863773346 69
1741591774542 0.19237345457077026 70
1741591774704 0.18797647953033447 71
1741591774860 0.18440011143684387 72
1741591775022 0.18050342798233032 73
1741591775180 0.17640632390975952 74
1741591775338 0.17309382557868958 75
1741591775505 0.17071709036827087 76
1741591775667 0.17029047012329102 77
1741591775824 0.167039155960083 78
1741591775981 0.16574302315711975 79
1741591776138 0.1607891023159027 80
1741591776294 0.15693682432174683 81
1741591776452 0.15514929592609406 82
1741591776608 0.15214639902114868 83
1741591776772 0.1498364806175232 84
1741591776932 0.14780786633491516 85
1741591777089 0.14602605998516083 86
1741591777246 0.14427004754543304 87
1741591777402 0.14271128177642822 88
1741591777566 0.14137092232704163 89
1741591777725 0.14002016186714172 90
1741591777884 0.13872380554676056 91
1741591778050 0.13769574463367462 92
1741591778209 0.14401516318321228 93
1741591778371 0.14069436490535736 94
1741591778553 0.13594301044940948 95
1741591778719 0.13449929654598236 96
1741591778888 0.13391870260238647 97
1741591779052 0.13257060945034027 98
1741591779212 0.1312093287706375 99
