1741591763285 0.305195689201355 0
1741591763448 0.15631522238254547 1
1741591763610 0.15684951841831207 2
1741591763776 0.13726291060447693 3
1741591763946 0.12542898952960968 4
1741591764131 0.13154244422912598 5
1741591764304 0.11766578257083893 6
1741591764472 0.1079309955239296 7
1741591764637 0.10751620680093765 8
1741591764801 0.14072996377944946 9
1741591764960 0.12596571445465088 10
1741591765118 0.126897931098938 11
1741591765275 0.11050690710544586 12
1741591765426 0.110171839594841 13
1741591765592 0.10878559947013855 14
1741591765750 0.10857852548360825 15
1741591765914 0.10996265709400177 16
1741591766076 0.10747876018285751 17
1741591766240 0.10880383104085922 18
1741591766398 0.10811597108840942 19
1741591766556 0.1106971949338913 20
1741591766719 0.10976045578718185 21
1741591766878 0.10900857299566269 22
1741591767037 0.1089290976524353 23
1741591767200 0.10901650041341782 24
1741591767359 0.10794197767972946 25
1741591767519 0.11342807114124298 26
1741591767675 0.11165276169776917 27
1741591767836 0.10968685150146484 28
1741591767993 0.10867203027009964 29
1741591768153 0.10545261204242706 30
1741591768309 0.10470792651176453 31
1741591768467 0.10542090237140656 32
1741591768627 0.11761904507875443 33
1741591768786 0.11447890102863312 34
1741591768942 0.10832693427801132 35
1741591769097 0.10514221340417862 36
1741591769253 0.19482986629009247 37
1741591769410 0.15327799320220947 38
1741591769566 0.11720294505357742 39
1741591769723 0.12022235989570618 40
1741591769887 0.12003476172685623 41
1741591770048 0.10823407024145126 42
1741591770206 0.10767161101102829 43
1741591770386 0.10894422978162766 44
1741591770558 0.10960599035024643 45
1741591770717 0.10649677366018295 46
1741591770873 0.1052033007144928 47
1741591771023 0.10516135394573212 48
1741591771188 0.10608705133199692 49
1741591771346 0.10691381245851517 50
1741591771508 0.10658564418554306 51
1741591771665 0.10623225569725037 52
1741591771822 0.11010183393955231 53
1741591771979 0.10736045986413956 54
1741591772136 0.1102900356054306 55
1741591772294 0.10374411940574646 56
1741591772451 0.10546154528856277 57
1741591772610 0.10567230731248856 58
1741591772769 0.10687406361103058 59
1741591772924 0.10482746362686157 60
1741591773081 0.11059529334306717 61
1741591773240 0.11291611194610596 62
1741591773396 0.11486968398094177 63
1741591773559 0.11624212563037872 64
1741591773722 0.10617528855800629 65
1741591773887 0.10740815848112106 66
1741591774048 0.10589279234409332 67
1741591774215 0.10428231954574585 68
1741591774384 0.10471837222576141 69
1741591774542 0.10319406539201736 70
1741591774704 0.10416953265666962 71
1741591774860 0.10737089812755585 72
1741591775022 0.11018770188093185 73
1741591775180 0.10613410174846649 74
1741591775338 0.11228226870298386 75
1741591775505 0.1106426790356636 76
1741591775667 0.12278701364994049 77
1741591775824 0.12147703766822815 78
1741591775981 0.12429304420948029 79
1741591776138 0.11895730346441269 80
1741591776294 0.10970497131347656 81
1741591776452 0.11215382069349289 82
1741591776608 0.10936260223388672 83
1741591776772 0.10583049803972244 84
1741591776932 0.10283365100622177 85
1741591777089 0.10453232377767563 86
1741591777246 0.10237123817205429 87
1741591777402 0.10200212895870209 88
1741591777566 0.10206156969070435 89
1741591777725 0.102783203125 90
1741591777884 0.10109405219554901 91
1741591778050 0.10477544367313385 92
1741591778209 0.1333368420600891 93
1741591778371 0.11916332691907883 94
1741591778553 0.1167939081788063 95
1741591778719 0.10537706315517426 96
1741591778888 0.11231520026922226 97
1741591779052 0.10707129538059235 98
1741591779212 0.10469774156808853 99
