1741591763285 126.03125762939453 0
1741591763448 67.11380767822266 1
1741591763610 57.20254135131836 2
1741591763776 64.15838623046875 3
1741591763946 60.62828826904297 4
1741591764131 59.978179931640625 5
1741591764304 59.11351013183594 6
1741591764472 55.38151550292969 7
1741591764637 52.316932678222656 8
1741591764801 59.30678939819336 9
1741591764960 61.78712463378906 10
1741591765118 55.81600570678711 11
1741591765275 52.426300048828125 12
1741591765426 52.72889709472656 13
1741591765592 53.247615814208984 14
1741591765750 51.93565368652344 15
1741591765914 51.369850158691406 16
1741591766076 52.52290344238281 17
1741591766240 52.44294738769531 18
1741591766398 52.70588302612305 19
1741591766556 51.88379669189453 20
1741591766719 52.163578033447266 21
1741591766878 51.93930435180664 22
1741591767037 51.60319900512695 23
1741591767200 51.715824127197266 24
1741591767359 51.371700286865234 25
1741591767519 51.52457046508789 26
1741591767675 50.95112228393555 27
1741591767836 51.12675094604492 28
1741591767993 51.102943420410156 29
1741591768153 51.1400146484375 30
1741591768309 51.11381149291992 31
1741591768467 51.726829528808594 32
1741591768627 52.96442413330078 33
1741591768786 53.160614013671875 34
1741591768942 51.2681884765625 35
1741591769097 51.389774322509766 36
1741591769253 63.65043258666992 37
1741591769410 61.282203674316406 38
1741591769566 52.531002044677734 39
1741591769723 54.677001953125 40
1741591769887 52.54050827026367 41
1741591770048 50.69161605834961 42
1741591770206 50.84225082397461 43
1741591770386 50.88433837890625 44
1741591770558 51.955101013183594 45
1741591770717 51.13438415527344 46
1741591770873 50.63932418823242 47
1741591771023 51.41148376464844 48
1741591771188 50.7125358581543 49
1741591771346 51.279144287109375 50
1741591771508 50.95066452026367 51
1741591771665 51.99608612060547 52
1741591771822 51.608299255371094 53
1741591771979 51.853904724121094 54
1741591772136 51.2221565246582 55
1741591772294 51.06279754638672 56
1741591772451 50.89274215698242 57
1741591772610 51.2347412109375 58
1741591772769 51.87467575073242 59
1741591772924 51.260711669921875 60
1741591773081 51.398895263671875 61
1741591773240 52.9920768737793 62
1741591773396 52.67548751831055 63
1741591773559 52.808616638183594 64
1741591773722 51.07131576538086 65
1741591773887 51.36529541015625 66
1741591774048 51.07889175415039 67
1741591774215 50.56269836425781 68
1741591774384 51.13789367675781 69
1741591774542 50.9021110534668 70
1741591774704 51.10415267944336 71
1741591774860 51.71662902832031 72
1741591775022 51.98271560668945 73
1741591775180 51.53806686401367 74
1741591775338 51.76737976074219 75
1741591775505 51.07061004638672 76
1741591775667 53.21537780761719 77
1741591775824 53.06024932861328 78
1741591775981 52.9655647277832 79
1741591776138 52.78484344482422 80
1741591776294 52.01713562011719 81
1741591776452 52.630741119384766 82
1741591776608 52.22685241699219 83
1741591776772 51.573387145996094 84
1741591776932 50.70264434814453 85
1741591777089 50.966896057128906 86
1741591777246 50.76396179199219 87
1741591777402 50.64740753173828 88
1741591777566 51.12968826293945 89
1741591777725 50.82451629638672 90
1741591777884 50.411590576171875 91
1741591778050 51.032379150390625 92
1741591778209 54.33097839355469 93
1741591778371 54.002403259277344 94
1741591778553 54.041015625 95
1741591778719 51.910850524902344 96
1741591778888 51.568817138671875 97
1741591779052 50.81956481933594 98
1741591779212 50.68791198730469 99
