1741592213519 25.853975296020508 0
1741592213980 24.325593948364258 1
1741592214461 22.9444522857666 2
1741592214928 21.622278213500977 3
1741592215395 20.363977432250977 4
1741592215870 19.1686954498291 5
1741592216353 18.038232803344727 6
1741592216846 16.968400955200195 7
1741592217327 15.955987930297852 8
1741592217843 15.010278701782227 9
1741592218326 14.101317405700684 10
1741592218791 13.24812126159668 11
1741592219260 12.4440336227417 12
1741592219777 11.681859970092773 13
1741592220264 10.964156150817871 14
1741592220747 10.28782844543457 15
1741592221237 9.651327133178711 16
1741592221747 9.051191329956055 17
1741592222231 8.49048900604248 18
1741592222695 7.952375888824463 19
1741592223162 7.45091438293457 20
1741592223642 6.978890895843506 21
1741592224141 6.53534460067749 22
1741592224620 6.118856430053711 23
1741592225094 5.738551139831543 24
1741592225563 5.370328426361084 25
1741592226028 5.025005340576172 26
1741592226485 4.697348594665527 27
1741592226973 4.397148609161377 28
1741592227459 4.113188743591309 29
1741592227942 3.8458170890808105 30
1741592228393 3.602729558944702 31
1741592228882 3.36721134185791 32
1741592229361 3.1482760906219482 33
1741592229825 2.9453225135803223 34
1741592230309 2.766268014907837 35
1741592230790 2.5884416103363037 36
1741592231260 2.458207130432129 37
1741592231726 2.2814087867736816 38
1741592232193 2.152316093444824 39
1741592232698 2.021879196166992 40
1741592233196 1.8877066373825073 41
1741592233696 1.7667794227600098 42
1741592234201 1.6555074453353882 43
1741592234676 1.5508733987808228 44
1741592235176 1.4577521085739136 45
1741592235645 1.3702974319458008 46
1741592236111 1.291453242301941 47
1741592236599 1.2138453722000122 48
1741592237069 1.1508756875991821 49
1741592237537 1.085566759109497 50
1741592238011 1.024899959564209 51
1741592238477 0.9695473313331604 52
1741592238942 0.9159242510795593 53
1741592239428 0.8789767026901245 54
1741592239950 0.8238943219184875 55
1741592240421 0.8393794298171997 56
1741592240889 0.7777538895606995 57
1741592241345 0.73460853099823 58
1741592241844 0.6985076665878296 59
1741592242341 0.6664949059486389 60
1741592242827 0.639013409614563 61
1741592243322 0.6116587519645691 62
1741592243792 0.5912608504295349 63
1741592244263 0.5630612373352051 64
1741592244724 0.543790340423584 65
1741592245191 0.5262985825538635 66
1741592245662 0.5048620104789734 67
1741592246145 0.48819297552108765 68
1741592246619 0.47263216972351074 69
1741592247090 0.45681315660476685 70
1741592247546 0.44877734780311584 71
1741592248038 0.438384473323822 72
1741592248508 0.428484708070755 73
1741592249002 0.4152185916900635 74
1741592249472 0.4130097031593323 75
1741592249940 0.40241968631744385 76
1741592250409 0.39096009731292725 77
1741592250874 0.3758506774902344 78
1741592251342 0.36622869968414307 79
1741592251844 0.36202874779701233 80
1741592252368 0.359325647354126 81
1741592252857 0.3645489811897278 82
1741592253345 0.4052528440952301 83
1741592253841 0.37243419885635376 84
1741592254311 0.34747353196144104 85
1741592254778 0.3373534381389618 86
1741592255289 0.3295799195766449 87
1741592255797 0.3266187608242035 88
1741592256291 0.3233761191368103 89
1741592256790 0.31647929549217224 90
1741592257275 0.3311903476715088 91
1741592257756 0.35047584772109985 92
1741592258225 0.393234521150589 93
1741592258725 0.36476752161979675 94
1741592259191 0.34099486470222473 95
1741592259673 0.3235796391963959 96
1741592260157 0.3156451880931854 97
1741592260674 0.3083646893501282 98
1741592261140 0.3065672516822815 99
