1741592213519 0.46795645356178284 0
1741592213980 0.35676679015159607 1
1741592214461 0.3421136438846588 2
1741592214928 0.3249116837978363 3
1741592215395 0.3148018717765808 4
1741592215870 0.3072371780872345 5
1741592216353 0.3052116334438324 6
1741592216846 0.309916615486145 7
1741592217327 0.30867353081703186 8
1741592217843 0.3167472183704376 9
1741592218326 0.31157153844833374 10
1741592218791 0.307137668132782 11
1741592219260 0.3037761151790619 12
1741592219777 0.29785507917404175 13
1741592220264 0.2966099977493286 14
1741592220747 0.29861727356910706 15
1741592221237 0.29886582493782043 16
1741592221747 0.29538068175315857 17
1741592222231 0.3018755316734314 18
1741592222695 0.2965964078903198 19
1741592223162 0.28937721252441406 20
1741592223642 0.2844221293926239 21
1741592224141 0.28164297342300415 22
1741592224620 0.28018975257873535 23
1741592225094 0.29400524497032166 24
1741592225563 0.2920413911342621 25
1741592226028 0.2926112711429596 26
1741592226485 0.29110094904899597 27
1741592226973 0.29123809933662415 28
1741592227459 0.28252214193344116 29
1741592227942 0.2813180983066559 30
1741592228393 0.2907119393348694 31
1741592228882 0.279405415058136 32
1741592229361 0.27441835403442383 33
1741592229825 0.27974042296409607 34
1741592230309 0.29486075043678284 35
1741592230790 0.2804202437400818 36
1741592231260 0.30922994017601013 37
1741592231726 0.3059644103050232 38
1741592232193 0.3128422498703003 39
1741592232698 0.30709195137023926 40
1741592233196 0.28462666273117065 41
1741592233696 0.27963438630104065 42
1741592234201 0.27181997895240784 43
1741592234676 0.2645431458950043 44
1741592235176 0.2638421654701233 45
1741592235645 0.2625293433666229 46
1741592236111 0.2640855014324188 47
1741592236599 0.25899916887283325 48
1741592237069 0.2781274914741516 49
1741592237537 0.26324263215065 50
1741592238011 0.2712247967720032 51
1741592238477 0.2760322690010071 52
1741592238942 0.26792970299720764 53
1741592239428 0.27714067697525024 54
1741592239950 0.2591443359851837 55
1741592240421 0.3037164807319641 56
1741592240889 0.2910274565219879 57
1741592241345 0.2805805206298828 58
1741592241844 0.27982962131500244 59
1741592242341 0.27357372641563416 60
1741592242827 0.2671222984790802 61
1741592243322 0.26394951343536377 62
1741592243792 0.28686249256134033 63
1741592244263 0.2653127908706665 64
1741592244724 0.26672595739364624 65
1741592245191 0.2721332907676697 66
1741592245662 0.2624661326408386 67
1741592246145 0.2631970942020416 68
1741592246619 0.2603779137134552 69
1741592247090 0.2575148940086365 70
1741592247546 0.2757120728492737 71
1741592248038 0.27241528034210205 72
1741592248508 0.2727508544921875 73
1741592249002 0.2758268415927887 74
1741592249472 0.28128141164779663 75
1741592249940 0.2666281759738922 76
1741592250409 0.27208152413368225 77
1741592250874 0.25147438049316406 78
1741592251342 0.2447928488254547 79
1741592251844 0.2519749104976654 80
1741592252368 0.2652680575847626 81
1741592252857 0.28682902455329895 82
1741592253345 0.30489471554756165 83
1741592253841 0.30501264333724976 84
1741592254311 0.2758210599422455 85
1741592254778 0.2624606788158417 86
1741592255289 0.25352880358695984 87
1741592255797 0.2622193694114685 88
1741592256291 0.25859329104423523 89
1741592256790 0.246201753616333 90
1741592257275 0.26621803641319275 91
1741592257756 0.3050052523612976 92
1741592258225 0.3769308626651764 93
1741592258725 0.3333494961261749 94
1741592259191 0.3030538856983185 95
1741592259673 0.2802451550960541 96
1741592260157 0.26677703857421875 97
1741592260674 0.2580254375934601 98
1741592261140 0.27002763748168945 99
