1741592213519 134.82423400878906 0
1741592213980 101.25370025634766 1
1741592214461 98.30657196044922 2
1741592214928 87.9583969116211 3
1741592215395 83.71613311767578 4
1741592215870 86.38895416259766 5
1741592216353 87.60055541992188 6
1741592216846 88.11090850830078 7
1741592217327 85.15399169921875 8
1741592217843 90.50911712646484 9
1741592218326 84.89167022705078 10
1741592218791 85.4281005859375 11
1741592219260 76.69416046142578 12
1741592219777 81.10334014892578 13
1741592220264 81.85501098632812 14
1741592220747 77.05518341064453 15
1741592221237 74.5354995727539 16
1741592221747 80.85337829589844 17
1741592222231 84.11783599853516 18
1741592222695 78.87313079833984 19
1741592223162 85.16931915283203 20
1741592223642 74.8568115234375 21
1741592224141 78.92865753173828 22
1741592224620 79.19873809814453 23
1741592225094 76.07548522949219 24
1741592225563 85.4193115234375 25
1741592226028 83.0512466430664 26
1741592226485 80.45597076416016 27
1741592226973 84.09326934814453 28
1741592227459 79.41144561767578 29
1741592227942 81.53242492675781 30
1741592228393 78.23603057861328 31
1741592228882 82.72236633300781 32
1741592229361 77.66979217529297 33
1741592229825 81.47969055175781 34
1741592230309 91.05406951904297 35
1741592230790 84.1682357788086 36
1741592231260 93.77761840820312 37
1741592231726 88.17514038085938 38
1741592232193 100.21959686279297 39
1741592232698 99.95333862304688 40
1741592233196 84.20668029785156 41
1741592233696 84.58175659179688 42
1741592234201 89.05838012695312 43
1741592234676 81.25886535644531 44
1741592235176 82.08319854736328 45
1741592235645 77.9794692993164 46
1741592236111 84.69542694091797 47
1741592236599 77.02531433105469 48
1741592237069 89.17442321777344 49
1741592237537 80.71526336669922 50
1741592238011 84.1159896850586 51
1741592238477 84.97560119628906 52
1741592238942 86.20970916748047 53
1741592239428 85.36431884765625 54
1741592239950 81.98643493652344 55
1741592240421 85.4388656616211 56
1741592240889 95.99040222167969 57
1741592241345 81.70862579345703 58
1741592241844 85.36469268798828 59
1741592242341 87.35517120361328 60
1741592242827 80.83477783203125 61
1741592243322 82.54549407958984 62
1741592243792 91.67105102539062 63
1741592244263 84.98917388916016 64
1741592244724 80.74187469482422 65
1741592245191 83.41297149658203 66
1741592245662 82.00325012207031 67
1741592246145 81.13463592529297 68
1741592246619 78.96089935302734 69
1741592247090 78.0953598022461 70
1741592247546 90.17802429199219 71
1741592248038 81.55236053466797 72
1741592248508 89.94129943847656 73
1741592249002 80.40476989746094 74
1741592249472 85.32168579101562 75
1741592249940 91.17646789550781 76
1741592250409 85.4123306274414 77
1741592250874 82.42887115478516 78
1741592251342 76.3325424194336 79
1741592251844 79.84854888916016 80
1741592252368 87.61148834228516 81
1741592252857 85.71549224853516 82
1741592253345 116.9877700805664 83
1741592253841 96.10466003417969 84
1741592254311 79.78314208984375 85
1741592254778 78.9087905883789 86
1741592255289 84.76990509033203 87
1741592255797 84.85386657714844 88
1741592256291 82.26053619384766 89
1741592256790 82.99983215332031 90
1741592257275 75.02252960205078 91
1741592257756 90.55278015136719 92
1741592258225 166.43191528320312 93
1741592258725 139.416015625 94
1741592259191 125.76600646972656 95
1741592259673 111.92094421386719 96
1741592260157 106.09044647216797 97
1741592260674 104.92711639404297 98
1741592261140 96.30567169189453 99
