1741592323790 21.70090675354004 0
1741592324269 12.628103256225586 1
1741592324740 6.902169704437256 2
1741592325215 3.736624240875244 3
1741592325677 2.160977840423584 4
1741592326154 1.3868674039840698 5
1741592326623 0.9804420471191406 6
1741592327094 0.8299502730369568 7
1741592327564 0.7651715874671936 8
1741592328042 0.6857112050056458 9
1741592328518 0.6044971942901611 10
1741592328971 0.557123601436615 11
1741592329472 0.48810482025146484 12
1741592329971 0.45844578742980957 13
1741592330446 0.46892881393432617 14
1741592330923 0.6340355277061462 15
1741592331403 0.7016123533248901 16
1741592331884 0.6456299424171448 17
1741592332351 0.5898113250732422 18
1741592332830 0.5414443016052246 19
1741592333302 0.505186140537262 20
1741592333770 0.6521036028862 21
1741592334282 0.6086265444755554 22
1741592334766 0.6633480787277222 23
1741592335237 0.6088739633560181 24
1741592335730 0.5373315215110779 25
1741592336202 0.5033391118049622 26
1741592336677 0.5271136164665222 27
1741592337162 0.6197640299797058 28
1741592337701 0.6125375628471375 29
1741592338322 0.5490202903747559 30
1741592338916 0.5091587901115417 31
1741592339526 0.4654604494571686 32
1741592340131 0.44463643431663513 33
1741592340732 0.4375840425491333 34
1741592341336 0.42448487877845764 35
1741592341937 0.4064675271511078 36
1741592342552 0.39464277029037476 37
1741592343170 0.43308690190315247 38
1741592343778 0.44153696298599243 39
1741592344360 0.40014487504959106 40
1741592344983 0.40961888432502747 41
1741592345581 0.40641120076179504 42
1741592346205 0.40874770283699036 43
1741592346818 0.41017329692840576 44
1741592347415 0.43083950877189636 45
1741592348021 0.3973555564880371 46
1741592348618 0.42847585678100586 47
1741592349238 0.40961357951164246 48
1741592349866 0.4438592791557312 49
1741592350487 0.42174455523490906 50
1741592351104 0.39732545614242554 51
1741592351717 0.3911036252975464 52
1741592352323 0.3816928267478943 53
1741592352929 0.3775317668914795 54
1741592353536 0.36174553632736206 55
1741592354134 0.35733845829963684 56
1741592354766 0.39317265152931213 57
1741592355363 0.42887988686561584 58
1741592355967 0.4400655925273895 59
1741592356570 0.4439503848552704 60
1741592357193 0.42949801683425903 61
1741592357798 0.40302860736846924 62
1741592358421 0.39075374603271484 63
1741592359035 0.3834792673587799 64
1741592359645 0.3842415511608124 65
1741592360242 0.3784778118133545 66
1741592360839 0.3642331063747406 67
1741592361447 0.36138370633125305 68
1741592362077 0.3469924330711365 69
1741592362698 0.6061636805534363 70
1741592363321 0.6176308393478394 71
1741592363938 0.5917291641235352 72
1741592364557 0.5492203235626221 73
1741592365175 0.49984580278396606 74
1741592365789 0.5790549516677856 75
1741592366417 0.6339902877807617 76
1741592367026 0.5529007315635681 77
1741592367667 0.48980578780174255 78
1741592368296 0.46801143884658813 79
1741592368914 0.41993704438209534 80
1741592369527 0.41034823656082153 81
1741592370125 0.39493635296821594 82
1741592370742 0.38151806592941284 83
1741592371365 0.3709753155708313 84
1741592371975 0.46005910634994507 85
1741592372585 0.47563621401786804 86
1741592373197 0.42787444591522217 87
1741592373817 0.406154990196228 88
1741592374421 0.39331337809562683 89
1741592375031 0.4043683111667633 90
1741592375635 0.3885769844055176 91
1741592376262 0.38610395789146423 92
1741592376865 0.3886882960796356 93
1741592377472 0.45939022302627563 94
1741592378078 0.459311842918396 95
1741592378694 0.4929084777832031 96
1741592379322 0.4638967216014862 97
1741592379969 0.4224937856197357 98
1741592380587 0.3973785638809204 99
