1741592323790 0.4997393488883972 0
1741592324269 0.4622049331665039 1
1741592324740 0.4006609618663788 2
1741592325215 0.3681528568267822 3
1741592325677 0.3594106137752533 4
1741592326154 0.3726169168949127 5
1741592326623 0.3686150014400482 6
1741592327094 0.4073920249938965 7
1741592327564 0.452141135931015 8
1741592328042 0.4524732530117035 9
1741592328518 0.3693936765193939 10
1741592328971 0.39312759041786194 11
1741592329472 0.37811776995658875 12
1741592329971 0.3746550381183624 13
1741592330446 0.4030073285102844 14
1741592330923 0.468593955039978 15
1741592331403 0.4510461390018463 16
1741592331884 0.4350351095199585 17
1741592332351 0.45106270909309387 18
1741592332830 0.46170780062675476 19
1741592333302 0.44379204511642456 20
1741592333770 0.5386940836906433 21
1741592334282 0.5265848636627197 22
1741592334766 0.4202893078327179 23
1741592335237 0.44442135095596313 24
1741592335730 0.45948734879493713 25
1741592336202 0.4340311884880066 26
1741592336677 0.46463441848754883 27
1741592337162 0.46287256479263306 28
1741592337701 0.4276491403579712 29
1741592338322 0.43007758259773254 30
1741592338916 0.40378889441490173 31
1741592339526 0.4283811151981354 32
1741592340131 0.4436570405960083 33
1741592340732 0.4221124053001404 34
1741592341336 0.42941999435424805 35
1741592341937 0.4449874460697174 36
1741592342552 0.4232129752635956 37
1741592343170 0.449790358543396 38
1741592343778 0.4340977668762207 39
1741592344360 0.4286465644836426 40
1741592344983 0.4285030961036682 41
1741592345581 0.43241995573043823 42
1741592346205 0.45314544439315796 43
1741592346818 0.42074838280677795 44
1741592347415 0.4999781548976898 45
1741592348021 0.4369165003299713 46
1741592348618 0.47338226437568665 47
1741592349238 0.4423019289970398 48
1741592349866 0.40844717621803284 49
1741592350487 0.41594162583351135 50
1741592351104 0.41702693700790405 51
1741592351717 0.4034687578678131 52
1741592352323 0.43271297216415405 53
1741592352929 0.44429251551628113 54
1741592353536 0.4207953214645386 55
1741592354134 0.425925612449646 56
1741592354766 0.43018782138824463 57
1741592355363 0.4366510510444641 58
1741592355967 0.4531916379928589 59
1741592356570 0.440474271774292 60
1741592357193 0.44491028785705566 61
1741592357798 0.4400482773780823 62
1741592358421 0.4410591125488281 63
1741592359035 0.42444145679473877 64
1741592359645 0.448227196931839 65
1741592360242 0.4299427568912506 66
1741592360839 0.41347306966781616 67
1741592361447 0.4356740415096283 68
1741592362077 0.4037010967731476 69
1741592362698 0.5255092978477478 70
1741592363321 0.4658796191215515 71
1741592363938 0.41786500811576843 72
1741592364557 0.42162391543388367 73
1741592365175 0.420553594827652 74
1741592365789 0.4787282645702362 75
1741592366417 0.4406130015850067 76
1741592367026 0.418315589427948 77
1741592367667 0.42128986120224 78
1741592368296 0.47244858741760254 79
1741592368914 0.4315219819545746 80
1741592369527 0.43878889083862305 81
1741592370125 0.4484004080295563 82
1741592370742 0.43489256501197815 83
1741592371365 0.4374083876609802 84
1741592371975 0.46509936451911926 85
1741592372585 0.43827876448631287 86
1741592373197 0.42419761419296265 87
1741592373817 0.42132771015167236 88
1741592374421 0.4090920388698578 89
1741592375031 0.4764004051685333 90
1741592375635 0.42325302958488464 91
1741592376262 0.4314960539340973 92
1741592376865 0.43245619535446167 93
1741592377472 0.44322335720062256 94
1741592378078 0.4212389886379242 95
1741592378694 0.4295250475406647 96
1741592379322 0.4184933602809906 97
1741592379969 0.41097941994667053 98
1741592380587 0.40285223722457886 99
