1741592323790 196.0669708251953 0
1741592324269 215.47955322265625 1
1741592324740 123.91154479980469 2
1741592325215 125.032958984375 3
1741592325677 127.89289093017578 4
1741592326154 104.3421859741211 5
1741592326623 108.07694244384766 6
1741592327094 174.7010498046875 7
1741592327564 138.06597900390625 8
1741592328042 167.41555786132812 9
1741592328518 142.1109619140625 10
1741592328971 147.96168518066406 11
1741592329472 132.1272430419922 12
1741592329971 122.03836822509766 13
1741592330446 143.36988830566406 14
1741592330923 244.4895782470703 15
1741592331403 191.94943237304688 16
1741592331884 229.2270050048828 17
1741592332351 228.55072021484375 18
1741592332830 197.55032348632812 19
1741592333302 213.62701416015625 20
1741592333770 185.5357208251953 21
1741592334282 116.18624114990234 22
1741592334766 186.28648376464844 23
1741592335237 146.64285278320312 24
1741592335730 130.6193084716797 25
1741592336202 172.53041076660156 26
1741592336677 160.10304260253906 27
1741592337162 169.9420166015625 28
1741592337701 191.5405731201172 29
1741592338322 157.22303771972656 30
1741592338916 201.2350616455078 31
1741592339526 166.37977600097656 32
1741592340131 153.542236328125 33
1741592340732 189.90023803710938 34
1741592341336 195.2550811767578 35
1741592341937 154.13465881347656 36
1741592342552 180.48980712890625 37
1741592343170 217.005859375 38
1741592343778 235.58961486816406 39
1741592344360 188.41409301757812 40
1741592344983 187.26153564453125 41
1741592345581 160.6000213623047 42
1741592346205 134.1341552734375 43
1741592346818 180.78765869140625 44
1741592347415 114.78108215332031 45
1741592348021 160.4617462158203 46
1741592348618 137.3197021484375 47
1741592349238 145.14505004882812 48
1741592349866 188.41738891601562 49
1741592350487 185.2316131591797 50
1741592351104 173.88577270507812 51
1741592351717 197.861328125 52
1741592352323 158.9448699951172 53
1741592352929 135.76287841796875 54
1741592353536 167.56643676757812 55
1741592354134 161.9200439453125 56
1741592354766 170.3377227783203 57
1741592355363 186.86480712890625 58
1741592355967 204.1311492919922 59
1741592356570 155.9927978515625 60
1741592357193 145.69204711914062 61
1741592357798 145.5175323486328 62
1741592358421 143.1509246826172 63
1741592359035 168.0233154296875 64
1741592359645 138.72552490234375 65
1741592360242 154.0272674560547 66
1741592360839 174.28213500976562 67
1741592361447 150.20213317871094 68
1741592362077 176.92359924316406 69
1741592362698 210.62109375 70
1741592363321 156.48394775390625 71
1741592363938 218.71615600585938 72
1741592364557 166.9804229736328 73
1741592365175 162.7371368408203 74
1741592365789 128.61502075195312 75
1741592366417 154.93304443359375 76
1741592367026 158.9420623779297 77
1741592367667 157.72567749023438 78
1741592368296 111.70994567871094 79
1741592368914 146.0657501220703 80
1741592369527 140.38087463378906 81
1741592370125 128.97727966308594 82
1741592370742 145.39988708496094 83
1741592371365 138.7859344482422 84
1741592371975 155.56178283691406 85
1741592372585 159.17361450195312 86
1741592373197 152.0489501953125 87
1741592373817 151.83299255371094 88
1741592374421 173.21484375 89
1741592375031 111.37214660644531 90
1741592375635 175.4711151123047 91
1741592376262 156.77630615234375 92
1741592376865 159.52685546875 93
1741592377472 183.58628845214844 94
1741592378078 228.91989135742188 95
1741592378694 276.3397521972656 96
1741592379322 207.67886352539062 97
1741592379969 205.2230224609375 98
1741592380587 201.88670349121094 99
