1741591670510 0.08135193586349487 0
1741591670644 0.08081629127264023 1
1741591670793 0.08010359853506088 2
1741591670944 0.07962071895599365 3
1741591671098 0.07920216023921967 4
1741591671247 0.07891018688678741 5
1741591671398 0.07862993329763412 6
1741591671546 0.0780971571803093 7
1741591671696 0.0775546208024025 8
1741591671846 0.0771232396364212 9
1741591671978 0.07702881097793579 10
1741591672127 0.07657145708799362 11
1741591672279 0.07615666836500168 12
1741591672427 0.07595742493867874 13
1741591672577 0.07558929920196533 14
1741591672733 0.09120406955480576 15
1741591672886 0.08389612287282944 16
1741591673025 0.12438773363828659 17
1741591673175 0.10466842353343964 18
1741591673338 0.10659632831811905 19
1741591673481 0.09065613895654678 20
1741591673631 0.08317416161298752 21
1741591673775 0.07994825392961502 22
1741591673925 0.07723195105791092 23
1741591674075 0.07594065368175507 24
1741591674222 0.07546676695346832 25
1741591674375 0.07516593486070633 26
1741591674521 0.07571994513273239 27
1741591674672 0.07467002421617508 28
1741591674817 0.07461041212081909 29
1741591674982 0.07385406643152237 30
1741591675125 0.07414395362138748 31
1741591675259 0.07365817576646805 32
1741591675417 0.07327987253665924 33
1741591675563 0.07381045818328857 34
1741591675708 0.07315389066934586 35
1741591675862 0.07271535694599152 36
1741591676011 0.0724911317229271 37
1741591676160 0.07234223186969757 38
1741591676315 0.07214056700468063 39
1741591676464 0.07202116400003433 40
1741591676614 0.07218404859304428 41
1741591676767 0.07195287197828293 42
1741591676917 0.07178474962711334 43
1741591677064 0.07213517278432846 44
1741591677212 0.07177048176527023 45
1741591677370 0.07129676640033722 46
1741591677519 0.07108447700738907 47
1741591677666 0.07103537023067474 48
1741591677813 0.08045806735754013 49
1741591677964 0.07493878901004791 50
1741591678110 0.07270984351634979 51
1741591678264 0.071355439722538 52
1741591678412 0.07111600786447525 53
1741591678558 0.07053321599960327 54
1741591678699 0.07018259912729263 55
1741591678849 0.07006026804447174 56
1741591678997 0.07079993188381195 57
1741591679144 0.07025279104709625 58
1741591679277 0.06976915895938873 59
1741591679425 0.0696144625544548 60
1741591679579 0.06952367722988129 61
1741591679736 0.06946650892496109 62
1741591679882 0.0693354532122612 63
1741591680029 0.06925646960735321 64
1741591680160 0.06917958706617355 65
1741591680310 0.06932030618190765 66
1741591680458 0.06899384409189224 67
1741591680593 0.06922641396522522 68
1741591680741 0.06886380910873413 69
1741591680902 0.0687536895275116 70
1741591681041 0.06879105418920517 71
1741591681198 0.06868480890989304 72
1741591681346 0.06856650859117508 73
1741591681499 0.0684347003698349 74
1741591681650 0.06853791326284409 75
1741591681802 0.06840255856513977 76
1741591681941 0.06833913177251816 77
1741591682092 0.06824345886707306 78
1741591682244 0.06807638704776764 79
1741591682390 0.0682215690612793 80
1741591682533 0.06793946772813797 81
1741591682680 0.0690717101097107 82
1741591682825 0.06786330789327621 83
1741591682969 0.06775563955307007 84
1741591683108 0.06785206496715546 85
1741591683258 0.06790809333324432 86
1741591683394 0.06798245012760162 87
1741591683543 0.0679038017988205 88
1741591683691 0.06758127361536026 89
1741591683827 0.06762152910232544 90
1741591683976 0.06739342212677002 91
1741591684124 0.06749354302883148 92
1741591684276 0.0676501989364624 93
1741591684432 0.0673123225569725 94
1741591684577 0.06721877306699753 95
1741591684724 0.06697304546833038 96
1741591684860 0.06702470034360886 97
1741591685008 0.06688790768384933 98
1741591685162 0.06682645529508591 99
