1741591670510 0.10138296335935593 0
1741591670644 0.09915518760681152 1
1741591670793 0.09787947684526443 2
1741591670944 0.09743385761976242 3
1741591671098 0.0973680168390274 4
1741591671247 0.09774014353752136 5
1741591671398 0.10018222779035568 6
1741591671546 0.09949129819869995 7
1741591671696 0.09691774100065231 8
1741591671846 0.09760501980781555 9
1741591671978 0.10187666863203049 10
1741591672127 0.10202501714229584 11
1741591672279 0.0986943170428276 12
1741591672427 0.09829312562942505 13
1741591672577 0.10005329549312592 14
1741591672733 0.14486102759838104 15
1741591672886 0.12361062318086624 16
1741591673025 0.19985798001289368 17
1741591673175 0.15890593826770782 18
1741591673338 0.17544619739055634 19
1741591673481 0.15167595446109772 20
1741591673631 0.1259203553199768 21
1741591673775 0.11444132775068283 22
1741591673925 0.1037435382604599 23
1741591674075 0.098615862429142 24
1741591674222 0.10275457799434662 25
1741591674375 0.09716816246509552 26
1741591674521 0.1032043844461441 27
1741591674672 0.1011391133069992 28
1741591674817 0.0993654802441597 29
1741591674982 0.09760189056396484 30
1741591675125 0.10062643140554428 31
1741591675259 0.09942658245563507 32
1741591675417 0.09692484885454178 33
1741591675563 0.1038743108510971 34
1741591675708 0.10021337121725082 35
1741591675862 0.09488322585821152 36
1741591676011 0.09711778908967972 37
1741591676160 0.09495098888874054 38
1741591676315 0.0957404226064682 39
1741591676464 0.09488381445407867 40
1741591676614 0.09869919717311859 41
1741591676767 0.0985213965177536 42
1741591676917 0.10079418122768402 43
1741591677064 0.10002236068248749 44
1741591677212 0.09950269758701324 45
1741591677370 0.097823865711689 46
1741591677519 0.09505400061607361 47
1741591677666 0.0969177782535553 48
1741591677813 0.1295008361339569 49
1741591677964 0.11977258324623108 50
1741591678110 0.10937001556158066 51
1741591678264 0.09871745854616165 52
1741591678412 0.1022823378443718 53
1741591678558 0.09707392752170563 54
1741591678699 0.0948093831539154 55
1741591678849 0.09612267464399338 56
1741591678997 0.10280627757310867 57
1741591679144 0.09952089935541153 58
1741591679277 0.09599330276250839 59
1741591679425 0.094168521463871 60
1741591679579 0.09370478987693787 61
1741591679736 0.09381970018148422 62
1741591679882 0.0939498096704483 63
1741591680029 0.09391285479068756 64
1741591680160 0.09317038208246231 65
1741591680310 0.09505074471235275 66
1741591680458 0.09491486102342606 67
1741591680593 0.09586035460233688 68
1741591680741 0.09464455395936966 69
1741591680902 0.09451846778392792 70
1741591681041 0.09404054284095764 71
1741591681198 0.09584122151136398 72
1741591681346 0.09449905902147293 73
1741591681499 0.09402742236852646 74
1741591681650 0.09449827671051025 75
1741591681802 0.09410709887742996 76
1741591681941 0.09339287877082825 77
1741591682092 0.09361845999956131 78
1741591682244 0.09368862956762314 79
1741591682390 0.09537874162197113 80
1741591682533 0.09301120042800903 81
1741591682680 0.1018952950835228 82
1741591682825 0.09399612993001938 83
1741591682969 0.09396713972091675 84
1741591683108 0.09444155544042587 85
1741591683258 0.0935935229063034 86
1741591683394 0.09755369275808334 87
1741591683543 0.09673399478197098 88
1741591683691 0.09681293368339539 89
1741591683827 0.09593326598405838 90
1741591683976 0.0936322957277298 91
1741591684124 0.09415023028850555 92
1741591684276 0.09827684611082077 93
1741591684432 0.09449322521686554 94
1741591684577 0.09430341422557831 95
1741591684724 0.09306147694587708 96
1741591684860 0.09431320428848267 97
1741591685008 0.09276795387268066 98
1741591685162 0.09243258833885193 99
