1741591670510 49.85166931152344 0
1741591670644 49.735599517822266 1
1741591670793 49.054962158203125 2
1741591670944 48.99042892456055 3
1741591671098 49.05586242675781 4
1741591671247 49.30368423461914 5
1741591671398 49.335906982421875 6
1741591671546 49.61207580566406 7
1741591671696 49.15660095214844 8
1741591671846 49.420631408691406 9
1741591671978 49.61616516113281 10
1741591672127 49.694725036621094 11
1741591672279 49.717777252197266 12
1741591672427 50.02677536010742 13
1741591672577 49.39698028564453 14
1741591672733 55.496334075927734 15
1741591672886 53.6275520324707 16
1741591673025 62.18206787109375 17
1741591673175 59.43706512451172 18
1741591673338 57.49113845825195 19
1741591673481 54.13972473144531 20
1741591673631 58.040042877197266 21
1741591673775 48.79020309448242 22
1741591673925 48.60129165649414 23
1741591674075 48.9704475402832 24
1741591674222 48.214962005615234 25
1741591674375 48.31263732910156 26
1741591674521 49.54008102416992 27
1741591674672 50.77445983886719 28
1741591674817 48.684043884277344 29
1741591674982 48.29924011230469 30
1741591675125 49.11208724975586 31
1741591675259 49.51234817504883 32
1741591675417 48.469512939453125 33
1741591675563 48.70557403564453 34
1741591675708 48.9517936706543 35
1741591675862 48.379886627197266 36
1741591676011 48.334468841552734 37
1741591676160 48.39885711669922 38
1741591676315 48.29051208496094 39
1741591676464 48.512123107910156 40
1741591676614 48.95888900756836 41
1741591676767 49.36402130126953 42
1741591676917 48.81629943847656 43
1741591677064 49.58778762817383 44
1741591677212 49.90932846069336 45
1741591677370 48.46256637573242 46
1741591677519 48.27619171142578 47
1741591677666 48.7691535949707 48
1741591677813 52.83765411376953 49
1741591677964 54.505287170410156 50
1741591678110 50.48774337768555 51
1741591678264 48.23107147216797 52
1741591678412 48.47997283935547 53
1741591678558 49.1431999206543 54
1741591678699 48.531673431396484 55
1741591678849 48.72484588623047 56
1741591678997 49.68967056274414 57
1741591679144 50.035030364990234 58
1741591679277 48.39866256713867 59
1741591679425 48.527957916259766 60
1741591679579 47.90291976928711 61
1741591679736 47.66899490356445 62
1741591679882 48.030982971191406 63
1741591680029 48.41941452026367 64
1741591680160 48.00253677368164 65
1741591680310 48.108821868896484 66
1741591680458 47.84361267089844 67
1741591680593 48.977684020996094 68
1741591680741 49.427337646484375 69
1741591680902 48.90756607055664 70
1741591681041 48.92780685424805 71
1741591681198 48.78203582763672 72
1741591681346 48.54484939575195 73
1741591681499 48.7335205078125 74
1741591681650 48.85509490966797 75
1741591681802 48.35799026489258 76
1741591681941 48.1263313293457 77
1741591682092 48.52193069458008 78
1741591682244 48.494606018066406 79
1741591682390 49.03273391723633 80
1741591682533 49.1940803527832 81
1741591682680 49.78815460205078 82
1741591682825 48.578941345214844 83
1741591682969 48.30675506591797 84
1741591683108 48.5893669128418 85
1741591683258 47.972755432128906 86
1741591683394 48.80238342285156 87
1741591683543 48.54543685913086 88
1741591683691 48.37159729003906 89
1741591683827 49.14331817626953 90
1741591683976 48.86377716064453 91
1741591684124 49.40351486206055 92
1741591684276 50.746604919433594 93
1741591684432 48.77566909790039 94
1741591684577 49.06459426879883 95
1741591684724 49.157310485839844 96
1741591684860 48.74307632446289 97
1741591685008 48.750370025634766 98
1741591685162 48.58396911621094 99
